route_id,service_id,trip_id
8,8,32238
8,2,32232
2,8,23448
44,8,22668
51,2,28992
2,2,23442
43,2,26372
44,2,22662
22,8,39108
8,8,32838
8,8,32528
8,2,32522
22,2,39102
8,2,32832
8,2,32302
8,2,32652
8,8,32658
8,8,32308
48,3,31913
48,2,31912
3,2,23842
48,9,31919
48,8,31918
3,8,23848
8,8,32788
20,2,25662
8,2,32782
20,8,25668
22,13,391713
20,8,25288
20,2,25282
28,2,36202
48,2,32012
22,13,397413
20,8,25448
22,13,392113
28,8,36208
48,8,32018
20,2,25442
57,9,34189
51,8,28998
20,2,25592
43,7,26397
50,13,282013
43,2,26392
20,8,25598
54,2,38432
18,7,39927
54,9,38439
54,8,38438
28,8,36448
28,8,35988
28,8,36338
28,2,36442
28,2,36332
57,9,34009
22,2,39692
22,3,39693
22,8,39698
22,9,39699
22,8,39418
38,2,33072
54,2,38502
50,13,282613
22,9,39419
46,2,36532
15,8,37008
38,8,33078
54,8,38508
46,8,36538
15,2,37002
38,9,33019
28,8,36028
4,2,36842
28,2,36022
4,8,36848
22,9,39109
44,2,40182
38,9,33219
22,3,39263
38,2,33212
38,3,33213
52,2,29362
53,2,38642
52,8,29368
53,8,38648
53,9,38649
22,13,395013
22,2,39742
22,3,39743
22,9,39269
22,8,39748
22,9,39749
15,9,37319
15,8,37318
28,2,36152
15,2,37312
56,2,33672
22,3,39103
48,9,31489
28,8,36158
56,7,33677
50,9,28219
50,13,284313
56,7,33697
56,2,33692
50,3,28563
50,9,28569
15,2,37172
33,9,40289
15,9,37179
15,8,37178
57,8,34208
57,9,34209
51,8,29818
57,2,34202
57,3,34203
51,2,29812
54,9,38569
48,8,31698
2,8,23058
3,8,23508
56,13,336913
22,13,397313
43,13,263513
3,2,23502
48,2,31692
2,2,23052
50,3,28693
22,3,39353
22,2,39352
22,9,39359
22,8,39358
50,9,28699
50,3,28363
56,13,338613
22,3,39593
22,2,39592
50,9,28369
22,9,39599
22,8,39598
51,8,29108
18,11,399711
56,13,339213
18,13,399713
51,2,29102
3,8,23618
3,2,23612
2,8,23128
50,9,28189
50,13,283613
50,3,28183
51,8,28968
28,8,35938
57,2,34152
57,3,34153
50,9,28749
2,8,23298
54,2,38352
57,9,34159
51,2,28962
28,2,35932
50,3,28213
50,3,28743
2,2,23472
2,8,23478
51,2,28982
57,8,34048
44,8,22678
2,2,23272
43,2,26362
50,3,28383
44,2,22672
2,8,23278
51,8,28988
43,7,26367
8,8,32538
22,8,39178
53,2,35332
8,8,32828
28,2,35842
22,3,39173
22,2,39172
8,2,32822
28,8,35848
53,9,35339
53,8,35338
22,13,397713
8,2,32312
20,8,25728
8,8,32318
52,8,29298
20,2,25722
3,2,23872
48,8,31908
48,9,31909
8,2,32792
3,8,23878
8,8,32798
48,2,31902
48,3,31903
20,2,25612
53,2,39002
20,8,25618
53,9,39009
53,8,39008
50,9,28329
50,13,285413
48,3,31493
20,8,25438
44,2,22702
48,9,32009
28,8,36238
20,2,25432
28,2,36232
48,2,32002
48,3,32003
54,8,38398
54,9,38399
43,7,26387
43,2,26382
48,9,31499
57,8,34198
54,2,38422
20,2,25542
18,3,39913
54,9,38429
18,7,39917
20,8,25548
28,8,36308
28,2,36302
22,13,396913
38,9,33199
46,2,36492
4,8,36948
50,9,28409
38,3,33193
38,2,33192
4,2,36942
50,13,285313
15,8,37018
48,3,32013
46,2,36542
54,8,38518
28,2,36012
38,9,33049
38,8,33048
46,8,36548
15,2,37012
38,3,33043
38,2,33042
54,2,38512
28,8,36018
4,2,36832
4,2,36782
50,13,283413
4,8,36838
4,8,36788
50,9,40179
56,13,336713
50,3,40173
52,2,29372
53,2,38632
53,9,38639
53,8,38638
52,8,29378
4,8,36678
50,9,28209
22,3,39773
22,2,39772
22,13,391213
15,2,37302
22,9,39779
22,8,39778
15,8,37308
15,9,37309
28,2,36162
28,8,36168
33,9,40319
33,8,40318
33,2,40312
50,3,28513
54,9,38189
54,8,38188
50,9,28519
18,2,40082
54,2,38182
15,2,37162
53,9,38749
53,8,38748
15,8,37168
15,9,37169
53,2,38742
20,8,29808
57,3,33993
57,2,33992
38,3,33223
38,2,33222
50,13,285013
57,9,33999
57,8,33998
20,2,29802
38,9,33229
38,8,33228
3,8,23518
2,8,23048
44,2,40222
3,2,23512
22,13,394513
2,2,23042
44,8,40228
22,2,39342
22,3,39343
15,2,37292
22,8,39348
22,9,39349
22,2,39582
22,3,39583
50,9,28429
50,9,28359
48,8,31598
22,8,39588
54,2,38292
48,3,31593
48,2,31592
50,3,28423
52,8,29118
48,9,31759
48,8,31758
52,2,29112
48,3,31753
48,2,31752
48,3,31573
48,2,31572
3,8,23608
48,8,31578
57,9,33939
15,9,37299
22,13,395913
50,13,283313
22,8,39508
54,2,38362
54,9,38199
22,9,39339
54,9,38369
54,8,38368
2,8,23288
28,8,35928
54,2,38162
50,3,28223
2,2,23282
54,9,38169
54,8,38168
2,2,23462
8,2,32492
2,8,23468
22,13,393513
8,8,32498
44,8,22648
2,2,23262
44,2,22642
52,8,29198
2,8,23268
22,13,392913
53,2,35322
8,8,32818
28,2,35852
50,3,28643
22,2,39162
22,3,39163
50,9,28649
28,8,35858
8,2,32672
20,8,25738
8,8,32678
20,2,25732
22,13,391413
51,8,28958
48,9,31979
48,8,31978
3,8,23868
48,3,31973
48,2,31972
3,2,23862
20,2,25602
8,2,32252
53,2,39012
8,8,32258
20,8,25608
52,8,29468
53,8,39018
53,9,39019
20,2,25132
20,8,25138
28,8,36228
44,8,32078
20,8,25428
53,2,38982
20,2,25422
28,2,36222
44,2,32072
50,13,286213
53,9,38989
53,8,38988
48,3,31803
48,2,31802
48,9,31809
48,8,31808
18,7,39907
18,3,39903
20,2,25552
28,2,36312
28,8,36318
20,8,25558
57,9,33989
56,13,337213
8,8,32598
53,9,35569
38,8,33188
38,9,33189
28,8,36488
4,8,36958
38,2,33182
38,3,33183
4,2,36952
28,2,36482
22,13,391113
48,8,31948
46,2,36552
54,8,38568
28,2,36002
22,9,39469
15,9,37079
28,8,36008
46,8,36558
54,2,38562
4,2,36822
4,2,36792
4,8,36798
4,8,36828
9,7,26297
18,2,40162
55,2,38622
55,3,38623
52,8,29348
55,8,38628
55,9,38629
52,2,29342
15,2,37372
22,8,39768
22,9,39769
15,9,37379
15,8,37378
22,2,39762
22,3,39763
28,8,36178
28,2,36172
33,8,40308
33,9,40309
22,9,39379
33,2,40302
54,8,38198
50,3,28503
18,2,40092
54,2,38192
50,9,28509
15,9,37199
15,8,37198
53,8,38758
53,9,38759
54,8,38288
22,13,395213
53,2,38752
15,2,37192
57,2,33982
57,3,33983
38,2,33232
38,3,33233
15,9,37209
15,8,37208
38,8,33238
38,9,33239
57,8,33988
52,2,29292
15,2,37202
48,8,31588
2,8,23078
44,2,40232
50,9,28349
2,2,23072
48,3,28023
44,8,40238
48,2,31662
54,2,38282
22,8,39378
22,3,39373
22,2,39372
22,8,39578
57,2,34082
57,3,34083
22,9,39579
52,2,29122
50,9,28439
48,2,31582
48,3,31583
50,3,28433
22,3,39573
22,2,39572
48,9,31669
48,8,31748
48,8,31668
22,13,394613
48,2,31742
48,3,31743
50,13,287313
50,3,28343
48,2,31562
48,3,31563
3,8,23678
56,13,337113
48,8,31568
50,9,28389
52,8,29128
54,2,38372
28,2,35912
50,3,28233
54,8,38378
54,9,38379
50,9,28239
28,8,35918
22,9,39489
22,8,39488
50,9,28729
54,2,38172
50,3,28723
22,3,39483
22,2,39482
54,8,38178
54,9,38179
8,2,32482
3,8,23498
44,2,22652
38,3,33073
8,8,32488
48,9,31749
44,8,22658
3,2,23492
2,2,23252
3,8,23708
2,8,23258
3,2,23702
22,3,39153
22,2,39152
8,2,32802
8,8,32808
22,9,39159
22,8,39158
28,2,35862
2,2,23382
50,3,28653
22,3,39393
22,2,39392
2,8,23388
28,8,35868
22,9,39399
22,8,39398
50,9,28659
3,8,23778
38,9,33079
8,8,32668
53,9,38979
8,2,32662
3,2,23672
3,8,23818
48,8,31968
48,9,31969
48,2,31962
48,3,31963
3,2,23812
8,2,32242
53,2,39022
20,8,25638
8,8,32248
53,8,39028
20,2,25632
28,8,36438
20,2,25412
22,13,396113
20,8,25418
53,2,38992
45,8,22728
20,2,25382
53,8,38998
53,9,38999
48,9,31569
45,2,22722
20,8,25388
48,2,31812
48,3,31813
45,2,23922
45,8,23928
48,8,31818
48,9,31819
46,8,36598
18,3,39973
3,8,23908
18,7,39977
55,13,329213
38,8,33218
20,2,25562
28,2,36362
45,2,32112
22,13,397513
28,8,36368
20,8,25568
22,13,392013
45,8,32118
44,8,40188
22,13,390713
4,8,36968
4,2,36962
22,9,39809
22,8,39808
22,3,39803
22,2,39802
54,8,38578
54,9,38579
57,9,34109
46,8,36568
54,2,38572
46,2,36562
18,11,274111
18,13,274113
4,8,36768
4,8,36818
4,2,36812
4,2,36762
38,3,33083
38,2,33082
46,2,36582
50,13,285813
18,2,40152
56,7,33737
38,8,33088
46,8,36588
56,2,33732
52,8,29358
54,9,38619
54,8,38618
52,2,29352
54,2,38612
15,2,37362
2,2,23172
22,3,39713
22,2,39712
28,8,36108
50,9,28339
28,2,36102
22,9,39669
56,2,33882
56,7,33887
50,9,28539
50,3,28533
50,9,28489
53,9,38769
53,8,38768
22,13,395113
22,3,39623
22,2,39622
53,2,38762
15,2,37182
22,8,39628
52,8,29288
57,9,34039
15,8,37218
46,2,36612
52,2,29282
15,2,37212
46,8,36618
44,2,40202
15,9,37259
50,13,285613
44,8,40208
50,13,284213
22,8,39368
22,9,39369
18,13,398613
57,3,33953
57,2,33952
22,2,39362
22,3,39363
57,9,33959
57,8,33958
52,2,29132
22,8,39568
22,9,39569
50,3,28403
22,2,39562
22,3,39563
48,9,31779
48,8,31778
33,2,40332
48,3,31773
48,2,31772
33,9,40339
33,8,40338
3,2,23662
48,2,31552
57,3,34053
57,2,34052
3,8,23668
48,8,31558
57,9,34059
57,8,34058
55,9,32929
22,13,393113
15,9,37099
48,3,31483
48,2,31482
50,3,28713
54,8,38388
28,8,35908
48,8,31488
50,9,28719
54,2,38382
54,2,38142
22,8,39498
57,8,34188
2,2,23062
22,2,39492
22,3,39493
54,9,38149
54,8,38148
2,8,23068
44,2,22622
8,8,32478
3,8,23488
44,8,22628
3,2,23482
8,2,32472
2,2,23312
2,8,23248
3,8,23718
50,13,282113
3,2,23712
2,2,23242
22,2,39142
22,3,39143
22,8,39148
22,9,39149
2,2,23392
22,2,39382
22,3,39383
51,8,28888
2,8,23398
51,2,28882
28,2,35872
22,9,39389
8,8,32618
22,13,397213
8,2,32612
8,8,32588
48,3,31953
48,2,31952
52,2,28862
9,7,26287
8,2,32582
9,2,26282
48,9,31959
48,8,31958
3,8,23808
43,13,263813
33,9,26449
33,8,26448
3,2,23802
22,9,39099
33,2,26442
20,8,25628
53,8,39038
53,9,39039
8,8,32278
20,2,25622
8,2,32272
53,2,39032
20,2,25402
20,8,25408
52,2,32962
45,8,22758
20,2,25392
53,9,38969
53,8,38968
20,8,25398
45,2,22752
53,2,38962
48,3,31823
48,2,31822
22,9,39529
45,2,23932
48,9,31829
48,8,31828
45,8,23938
22,13,396613
20,2,25712
22,13,391913
20,8,25718
18,7,39967
8,8,32418
28,2,36372
45,2,32122
20,8,25578
50,13,281613
28,8,36378
45,8,32128
57,8,34028
20,2,25572
48,9,31739
54,8,38308
48,9,31539
9,7,26267
9,2,26262
22,13,397013
52,8,29408
54,8,38558
54,2,38542
48,9,32019
53,2,38812
18,7,39817
53,9,38819
53,8,38818
54,9,38549
54,8,38548
46,8,36578
54,9,38419
46,2,36572
53,8,38908
18,7,16967
4,8,36808
4,8,36778
4,2,36802
4,2,36772
38,8,33128
46,2,36592
38,9,33099
38,9,33129
56,7,33727
56,2,33722
38,2,33092
38,3,33093
54,8,38608
54,9,38609
54,2,38602
43,13,264313
22,8,39708
22,9,39709
15,9,37429
15,8,37428
46,8,37358
22,2,39702
22,3,39703
46,2,37352
15,2,37422
28,8,36118
4,2,36972
28,2,36112
48,9,31889
4,8,36978
28,8,36468
54,2,38412
50,13,285113
50,9,28529
53,2,38772
56,13,338813
50,3,28523
53,8,38778
53,9,38779
48,9,31699
50,13,284513
22,2,39632
22,3,39633
22,13,391313
22,8,39638
22,9,39639
15,9,37229
15,8,37228
46,2,36602
48,3,31883
18,2,40142
15,2,37222
46,8,36608
44,8,40218
44,2,40212
57,2,33942
57,3,33943
50,3,28413
50,9,28289
48,3,31693
50,9,28419
57,8,33948
57,9,33949
22,9,39559
22,8,39558
48,2,31762
48,3,31763
22,3,39553
22,2,39552
48,8,31768
48,9,31769
52,2,29382
33,2,40322
56,7,33897
52,8,29438
56,2,33892
33,8,40328
33,9,40329
52,8,29388
52,2,29432
18,13,399913
18,11,399911
57,2,34042
57,3,34043
3,8,23658
50,13,282213
3,2,23652
48,2,31542
2,2,23122
48,3,31533
48,2,31492
50,3,28253
50,3,28703
57,2,34192
57,3,34193
50,9,28709
48,8,31498
50,9,28259
54,2,38392
57,9,34199
54,8,38158
54,9,38159
53,9,35329
54,2,38152
44,2,22632
8,8,32468
9,13,262913
44,8,22638
50,13,286913
8,2,32462
50,13,286113
2,8,23238
3,8,23728
3,2,23722
2,2,23232
53,9,39029
51,8,28898
38,9,33089
50,9,28679
51,2,28892
50,3,28673
50,13,287513
48,2,31942
48,3,31943
51,2,28872
3,2,23832
2,2,23342
8,2,32592
48,9,31949
9,2,26292
2,8,23348
51,8,28878
3,8,23838
22,13,392813
48,9,31609
53,9,39049
53,8,39048
48,8,31608
53,2,39042
8,2,32732
57,9,34149
8,8,32738
48,3,31603
45,8,22748
8,2,32282
20,8,25368
53,8,38978
48,2,28042
45,2,22742
53,2,38972
8,8,32288
20,2,25362
3,2,23902
48,8,31838
4,8,36688
54,2,38522
48,2,31832
48,3,31833
33,9,40249
54,9,38519
48,3,31463
9,13,262813
18,7,39957
38,8,33018
18,3,39953
54,8,38528
20,8,25508
45,8,32138
28,8,36348
20,2,25502
28,2,36342
45,2,32132
57,9,34049
22,13,393813
9,7,26277
9,2,26272
48,9,31469
54,2,38552
22,13,396313
53,2,38802
18,3,39823
54,9,38559
18,7,39827
53,8,38808
53,9,38809
56,13,337313
28,8,36298
4,8,36748
4,2,36742
28,2,36292
56,2,33712
56,7,33717
22,3,39733
22,2,39732
22,9,39739
22,8,39738
15,8,37348
15,9,37349
28,2,36122
15,8,37438
15,9,37439
15,2,37342
15,2,37432
28,8,36128
4,2,36902
38,9,33159
38,8,33158
4,8,36908
38,3,33153
38,2,33152
18,2,40042
53,2,38702
48,8,31548
53,9,38709
53,8,38708
22,3,39603
22,2,39602
50,13,298413
15,2,37232
22,9,39609
22,8,39608
15,8,37238
15,9,37239
46,2,36632
48,9,31549
48,9,31639
46,8,36638
33,9,40269
33,8,40268
18,11,398411
51,8,29038
22,13,395313
33,2,40262
57,3,33973
57,2,33972
50,3,28463
22,2,39542
22,3,39543
50,9,28469
57,9,33979
57,8,33978
22,8,39548
22,9,39549
22,13,394313
48,3,31713
48,2,31712
50,13,282713
48,9,31719
48,8,31718
54,8,38358
54,9,38359
52,8,29398
52,8,29428
52,2,29422
52,2,29392
3,8,23648
57,2,34072
2,8,23138
54,9,38269
3,2,23642
48,2,31532
2,2,23132
57,8,34158
33,9,40259
53,8,38878
50,9,28269
50,3,28263
2,2,23292
54,9,38129
54,8,38128
48,9,31629
48,8,31628
54,2,38122
48,3,31623
48,2,31622
8,8,32458
50,3,28283
44,8,22608
8,2,32452
3,8,23738
44,2,22602
2,8,23228
2,2,23222
50,9,28609
28,8,35818
54,2,38232
28,2,35812
50,3,28603
54,9,38239
54,8,38238
50,13,286813
22,13,392313
45,2,28842
3,2,23822
2,2,23352
3,8,23828
45,8,28848
2,8,23358
53,8,39058
48,8,31998
55,3,32923
55,2,32922
8,2,32702
8,8,32708
53,9,38949
53,8,38948
20,8,25378
50,13,287013
53,2,38942
20,2,25372
48,3,31543
48,8,31848
3,8,23918
48,3,31843
48,2,31842
3,2,23912
18,13,399113
8,2,32632
8,8,32638
22,13,396013
54,2,38492
54,9,38499
54,8,38498
18,7,39947
28,8,36358
44,8,32148
20,8,25518
51,2,32942
20,2,25512
28,2,36352
44,2,32142
22,13,396813
22,9,39079
18,7,39837
53,2,38832
53,9,38839
53,8,38838
22,9,39179
4,2,36752
4,8,36758
56,7,33877
28,8,36288
28,2,36282
48,8,31658
48,9,31659
48,3,31553
22,2,39722
22,3,39723
22,8,39728
22,9,39729
8,2,32532
28,2,36132
15,8,37408
28,8,36138
15,2,37402
53,9,39059
4,2,36912
22,9,39589
38,8,33148
38,9,33149
4,8,36918
54,9,38509
38,2,33142
38,3,33143
15,2,37392
50,13,285913
48,3,31653
15,9,37449
15,9,37399
15,8,37398
18,2,40052
33,9,40299
53,2,38712
45,8,32098
51,8,29098
53,8,38718
53,9,38699
51,2,29092
22,13,393213
15,9,37159
15,2,37242
22,8,39618
52,8,29258
15,8,37158
15,9,37249
15,8,37248
18,11,399111
22,2,39612
22,3,39613
18,2,40122
56,7,33707
46,8,36628
15,2,37082
56,2,33702
53,8,38928
46,2,36622
15,8,37088
33,8,40278
33,9,40279
54,2,38472
33,2,40272
50,3,28473
22,3,39533
22,2,39532
57,8,33968
57,9,33969
22,9,39539
22,8,39538
50,9,28479
57,2,33962
57,3,33963
48,2,31702
48,3,31703
57,9,34229
48,8,31708
48,9,31709
52,8,29418
43,13,264113
9,13,263313
52,2,29412
54,9,38479
57,3,34073
48,8,31528
2,8,23108
57,8,34068
57,9,34069
48,8,31538
48,2,31522
48,3,31523
22,13,394813
57,2,34062
57,3,34063
57,9,34179
22,9,39289
22,8,39288
22,3,39283
22,2,39282
50,9,28279
22,9,39449
22,8,39448
50,3,28273
22,3,39443
22,2,39442
54,8,38138
54,9,38139
48,8,31638
57,3,34173
54,2,38132
48,2,31632
48,3,31633
44,8,22618
3,2,23742
50,3,28293
3,8,23748
44,2,22612
22,13,393013
2,8,23218
8,8,26508
3,2,23582
8,2,26502
28,2,35942
3,8,23588
8,8,32848
22,9,39199
22,8,39198
28,2,35822
22,3,39193
22,2,39192
8,2,32842
22,13,398013
28,8,35828
50,9,28619
54,2,38222
48,9,31559
50,3,28613
54,8,38228
54,9,38229
22,13,394413
2,2,23362
48,9,31839
51,8,28858
50,13,283013
22,13,395813
2,8,23368
51,2,28852
3,2,23692
53,2,39062
51,2,32932
3,8,23698
51,8,32938
53,9,39069
53,8,39068
8,2,32442
22,2,39262
8,8,32448
22,8,39268
8,8,32718
53,2,38952
53,8,38958
53,9,38959
8,2,32712
20,8,25698
20,8,25348
20,2,25342
20,2,25692
50,13,286713
45,8,23968
48,8,31858
48,9,31859
43,13,263913
48,2,31852
48,3,31853
45,2,23962
54,8,38248
22,3,39653
54,9,38249
22,13,396713
54,2,38482
20,2,25522
54,8,38488
54,9,38489
20,8,25528
44,8,32158
22,9,39659
44,2,32152
50,13,287713
50,13,283513
22,9,39719
18,3,39843
18,7,39847
22,8,39718
20,2,25232
53,8,38828
53,9,38829
20,8,25238
50,13,281713
53,2,38822
4,2,36722
4,8,36728
48,8,32008
15,8,37368
15,9,37369
15,2,37412
15,8,37418
15,9,37419
18,3,39993
18,7,39997
3,2,23732
54,9,38339
28,2,36382
38,9,33179
38,8,33178
44,8,22708
4,8,36928
38,3,33173
38,2,33172
28,8,36388
4,2,36922
28,2,36432
15,8,37388
15,9,37389
18,2,40062
15,2,37382
51,8,29088
53,9,38729
53,8,38728
51,2,29082
22,9,39239
53,2,38722
15,2,37252
22,8,39668
43,13,264213
52,8,29248
22,3,39663
22,2,39662
52,2,29242
15,2,37092
45,2,33772
15,8,37098
45,8,33778
18,2,40112
22,2,39522
22,3,39523
50,9,28449
22,8,39528
56,2,33912
50,3,28443
56,7,33917
50,13,284413
52,2,29402
48,8,31738
48,3,31733
48,2,31732
50,13,284113
57,9,34019
57,8,34018
20,8,30028
57,3,34013
57,2,34012
20,2,30022
22,8,39298
22,9,39299
38,3,33823
38,2,33822
22,2,39292
22,3,39293
38,9,33829
38,8,33828
36,2,38102
22,8,39458
22,9,39459
22,2,39452
22,3,39453
36,8,38108
50,9,28599
48,9,28049
48,8,28048
51,2,29062
33,2,40242
48,3,28043
48,2,31602
50,3,28593
51,8,29068
33,8,40248
3,2,23752
48,2,31462
2,2,23202
51,8,28918
57,3,34123
57,2,34122
2,8,23208
3,8,23758
48,8,31468
57,9,34129
57,8,34128
51,2,28912
3,2,23592
22,2,39182
22,3,39183
3,8,23598
50,13,283713
22,8,39188
22,9,39189
28,2,35832
50,3,28623
28,8,35838
50,9,28629
54,2,38212
48,3,31513
48,2,31512
2,2,23112
22,13,394113
22,13,393313
54,9,38219
54,8,38218
2,8,23118
48,9,31519
48,8,31518
50,13,286013
44,2,22572
8,8,32548
44,8,22578
8,2,32542
51,8,29048
48,9,31999
43,2,26402
2,8,23378
43,7,26407
48,3,31993
48,2,31992
18,13,398413
2,2,23372
22,2,39072
22,3,39073
3,8,23688
15,8,37188
22,13,397813
22,8,39078
51,8,32948
15,9,37189
3,2,23682
8,2,32432
22,2,39272
22,3,39273
8,8,32438
22,8,39278
22,9,39279
8,8,32768
53,2,38922
53,9,38929
45,2,32092
8,2,32762
54,8,38428
20,8,25688
48,3,31863
48,2,31862
20,2,25682
48,9,31869
48,8,31868
45,8,23978
45,2,23972
9,7,26317
9,2,26312
8,8,32388
8,2,32382
20,2,25532
8,2,32162
20,8,25538
15,9,37219
8,8,32168
18,11,400111
18,13,400113
22,13,392513
50,13,284713
18,7,39857
22,13,390913
53,9,38859
53,8,38858
54,9,38589
54,8,38588
20,8,25228
54,2,38582
53,2,38852
20,2,25222
4,2,36732
22,13,393913
4,8,36738
50,13,283813
50,13,282813
55,13,386213
15,2,37462
22,13,396213
15,9,37469
15,8,37468
22,13,391513
38,2,33162
38,3,33163
18,7,39987
38,8,33168
54,8,38458
18,2,39982
22,9,39229
4,8,36938
28,8,36398
28,8,36428
4,2,36932
28,2,36422
28,2,36392
18,11,398611
38,8,33198
53,8,38738
53,9,38739
53,2,38732
22,3,39113
22,8,39678
52,8,29278
15,9,37269
15,8,37268
22,2,39672
22,3,39673
15,2,37262
46,8,36648
55,8,32928
15,9,37069
15,8,37068
46,2,36642
18,2,40102
15,2,37062
48,2,31672
46,8,36498
48,3,31673
15,9,37289
15,8,37288
53,2,39052
52,2,29182
22,9,39519
22,8,39518
56,2,33902
52,8,29188
50,3,28453
22,3,39513
56,7,33907
48,8,31728
48,9,31729
52,2,29472
52,8,29478
48,2,31722
48,3,31723
52,8,29138
18,2,40072
48,8,31678
57,8,34008
48,9,31679
56,13,336813
57,2,34002
57,3,34003
9,13,263113
54,9,38529
38,2,33832
38,3,33833
38,8,33838
38,9,33839
53,2,38112
22,8,39468
22,13,394213
48,2,31612
48,3,31613
22,3,39463
22,2,39462
48,8,31618
48,9,31619
51,2,29052
33,2,40252
50,9,28589
15,2,37112
33,8,40258
50,3,28583
51,8,29058
15,9,37119
15,8,37118
18,13,399313
57,2,34132
57,3,34133
51,8,28908
3,8,23768
51,2,28902
3,2,23762
48,2,31472
48,3,31473
3,8,23568
3,2,23562
50,3,28633
50,9,28639
54,2,38452
48,2,31502
48,3,31503
54,8,38208
54,9,38209
48,8,31508
2,8,23168
54,2,38202
15,9,37019
44,2,22562
50,3,28393
48,2,31982
48,3,31983
54,9,38459
44,8,22568
8,2,32552
48,9,31989
38,9,33169
43,2,26412
2,8,23308
36,8,28838
43,7,26417
36,2,28832
2,2,23302
57,9,34119
51,2,32952
22,9,39089
22,8,39088
51,8,32958
22,3,39083
22,2,39082
22,3,39243
22,2,39242
8,8,32428
22,8,39248
50,9,28399
53,2,38932
48,9,31849
22,13,392213
53,8,38938
53,9,38939
48,2,31872
48,3,31873
45,2,23942
2,2,23412
48,8,31878
48,2,31922
2,8,23418
45,8,23948
3,2,23782
9,7,26307
9,2,26302
3,8,23788
8,2,32172
57,8,34088
8,8,32178
22,13,396513
8,2,32372
48,8,31928
8,8,32378
50,9,28459
9,13,262713
52,8,32988
54,2,38592
18,7,39867
18,3,39863
28,2,35902
53,8,38848
53,9,38849
28,8,36098
53,2,38842
54,9,38389
28,2,36092
50,13,286513
28,8,36258
4,8,36708
4,2,36702
28,2,36252
50,9,28249
4,2,36892
4,8,36898
15,2,37472
15,8,37478
15,9,37479
38,3,33113
38,2,33112
54,2,38442
38,9,33119
38,8,33118
54,8,38268
54,8,38448
54,9,38449
28,8,36418
28,2,36412
2,8,23148
57,3,34183
22,9,39679
22,3,39643
22,2,39642
52,2,29262
57,2,34182
52,8,29268
22,9,39649
22,8,39648
15,8,37278
15,9,37279
18,7,39887
4,2,36672
18,3,39883
15,2,37272
50,3,28323
15,8,37078
52,2,29272
56,7,33757
15,2,37072
56,2,33752
57,3,33933
57,2,33932
43,13,264013
15,8,37298
57,8,33938
52,2,29192
48,9,31599
22,2,39502
22,3,39503
52,2,29462
43,13,263613
56,13,339113
53,2,38692
18,3,27413
18,7,27417
53,8,38698
18,7,40007
3,8,23898
18,11,273411
18,13,273413
36,2,30822
50,13,284613
36,8,30828
22,13,394913
22,2,39472
22,3,39473
22,8,39478
22,9,39479
50,13,287813
48,3,31663
48,2,28022
48,9,28029
48,8,28028
15,2,37102
51,2,29042
15,9,37109
57,3,34103
57,2,34102
51,8,28938
56,13,337513
51,2,28932
3,2,23772
57,8,34108
3,8,23578
3,2,23572
15,2,37282
50,3,28483
54,8,38278
57,3,34033
57,2,34032
2,8,23178
54,2,38272
50,3,28333
57,8,34038
8,8,32568
53,2,35342
22,13,394713
50,13,282513
8,2,32562
53,8,35348
53,9,35349
2,8,23318
43,7,26427
43,2,26422
22,8,39098
52,8,32968
22,2,39092
22,3,39093
50,9,28159
22,9,39629
22,8,39258
22,9,39259
54,2,38302
50,3,28153
54,9,38309
8,2,32412
22,2,39252
22,3,39253
20,2,25332
53,9,38909
52,2,32982
20,8,25338
53,2,38902
50,13,281413
45,2,23952
2,2,23402
48,8,31888
45,8,23958
48,9,31879
50,9,28669
2,8,23408
48,2,31882
15,9,37409
50,3,28663
3,2,23792
9,2,26332
9,7,26337
3,8,23798
22,2,39512
28,8,35878
8,8,32188
8,2,32182
50,13,286613
8,2,32342
8,8,32348
22,3,39223
22,8,39388
18,7,27337
15,9,37009
53,2,38872
18,2,39872
53,9,38879
18,7,39877
28,8,36088
28,2,36082
4,8,36718
18,11,169611
28,8,36248
53,9,38119
4,2,36712
28,2,36242
18,13,169613
50,13,282913
15,8,37138
4,2,36882
4,8,36888
50,3,28243
50,13,284013
43,7,26377
15,8,37448
15,2,37442
38,2,33102
38,3,33103
22,13,392713
28,2,36402
53,8,35578
38,8,33108
54,8,38478
28,8,36408
15,8,37258
48,8,31898
54,9,38299
22,2,39652
52,2,29212
22,8,39658
52,8,29218
18,7,39897
4,2,36662
2,8,23438
4,8,36668
50,13,287113
52,8,28868
15,9,37049
15,8,37048
28,2,36062
38,8,33038
38,9,33039
50,13,285713
15,2,37042
56,2,33742
38,2,33032
38,3,33033
28,8,36068
56,7,33747
22,9,39119
56,2,33922
56,7,33927
22,13,395613
57,9,34079
53,2,38682
52,8,29328
52,8,29458
53,8,38688
53,9,38689
52,2,29452
52,2,29322
18,3,40013
18,7,40017
48,2,28012
22,3,39403
22,2,39402
28,8,35998
22,9,39409
22,8,39408
28,2,35992
48,2,28032
48,3,28033
48,8,28038
48,9,28039
15,2,37132
22,9,39509
15,9,37139
51,2,29032
57,8,34118
8,2,32572
22,13,394013
57,3,34093
57,2,34112
57,3,34113
2,8,23098
3,8,23548
3,2,23542
2,2,23092
50,13,284913
22,13,393613
22,9,39319
22,8,39318
22,9,39139
22,3,39313
22,2,39312
53,8,38118
57,2,34022
57,3,34023
50,9,28499
57,8,34078
52,2,29142
54,2,38262
57,9,34029
2,2,23142
50,3,28493
56,13,339013
20,2,28812
3,2,23892
2,2,23322
20,8,28818
50,3,28353
2,8,23328
43,2,26432
43,7,26437
52,8,32978
52,2,32972
8,8,32408
22,8,39228
50,9,28149
54,2,38312
51,2,28922
28,2,35972
50,3,28143
8,2,32402
22,2,39222
51,8,28928
28,8,35978
54,8,38318
54,9,38319
53,8,38918
53,9,38919
20,8,25658
53,2,38912
20,2,25652
53,9,35579
2,2,23432
9,7,26327
9,2,26322
48,9,31899
53,2,35572
48,2,31892
48,3,31893
18,11,399311
52,8,29148
22,3,39133
22,2,39132
22,13,397913
8,8,32578
22,8,39138
8,8,32198
8,2,32192
22,13,391613
8,8,32358
50,13,401713
48,8,31478
8,2,32352
48,9,31479
3,2,23602
8,2,32752
20,8,25498
8,8,32758
18,3,27343
20,2,25492
18,7,27347
53,2,38862
57,9,34089
53,8,38868
48,9,31579
22,13,392413
50,13,287613
57,8,34138
20,2,25472
57,9,34139
20,8,25478
56,13,337013
28,8,36278
28,2,36272
54,9,38279
22,3,39793
22,2,39792
4,8,36878
22,9,39799
22,8,39798
22,13,390813
4,2,36872
15,8,37458
15,9,37459
28,2,36182
36,8,20778
28,8,36188
15,2,37452
36,2,20772
50,13,283913
28,2,36472
54,8,38468
54,9,38469
38,9,33139
38,8,33138
28,8,36478
38,3,33133
38,2,33132
54,2,38462
52,2,29202
15,8,36988
52,8,29208
15,2,36982
8,8,32558
4,8,36698
15,2,37052
15,8,37058
15,9,37059
4,2,36692
28,2,36052
46,8,36508
28,8,36058
15,8,37108
46,2,36502
52,2,33792
48,9,31589
52,8,33798
52,8,29448
50,9,28739
53,9,38719
53,9,38679
53,8,38678
52,8,29338
52,2,29442
52,2,29332
50,9,28229
53,2,38672
2,2,23162
53,9,38869
22,13,395513
18,2,40022
48,9,31799
48,8,31798
48,3,31793
48,2,31792
22,2,39412
22,3,39413
50,9,28799
48,9,31509
28,2,35982
56,2,33862
50,3,28793
50,3,28733
56,7,33867
22,9,39619
50,9,28559
48,9,31649
48,8,31648
18,13,398213
18,11,398211
48,3,31643
48,2,31642
50,3,28553
56,13,338713
53,9,38789
53,8,38788
51,8,29028
33,8,40288
15,8,37128
15,9,37129
50,3,29843
51,2,29022
33,2,40282
53,2,38782
50,9,29849
15,2,37122
57,9,34169
57,8,34168
3,2,23552
57,3,34163
57,2,34162
3,8,23558
2,8,23088
2,2,23082
52,2,29252
54,2,38252
22,8,39308
22,9,39309
22,2,39302
22,3,39303
54,9,38259
54,8,38258
2,8,23158
50,9,28319
52,2,29152
9,13,263413
50,3,28313
2,2,23152
52,8,29158
3,2,23882
57,2,34092
2,2,23332
2,8,23338
48,8,31988
3,8,23888
15,9,37329
50,3,28173
50,9,28179
54,2,38322
22,8,39238
51,2,28952
28,2,35962
15,9,37089
50,3,28773
22,2,39232
22,3,39233
54,9,38329
54,8,38328
50,9,28779
28,8,35968
8,8,32218
20,8,25648
20,2,25642
22,13,397613
8,2,32212
50,13,287413
53,8,35568
43,2,26352
2,8,23428
44,2,22682
43,7,26357
53,2,35562
2,2,23422
44,8,22688
8,2,32692
28,2,36072
8,8,32698
50,13,281913
28,2,35922
8,2,32502
22,2,39122
22,3,39123
9,13,263013
8,8,32508
22,8,39128
22,9,39129
18,11,398811
50,13,282313
18,13,398813
57,9,34099
44,2,22592
48,3,31933
48,2,31932
44,8,22598
48,9,31939
48,8,31938
20,8,25488
57,8,34098
20,2,25482
53,9,38899
53,8,38898
22,13,396413
53,2,38892
20,2,25462
28,2,36262
28,8,36268
20,8,25468
22,13,391813
8,2,32422
9,13,262613
22,8,39168
22,9,39169
22,2,39782
22,3,39783
4,8,36868
22,8,39788
22,9,39789
4,2,36862
50,9,28579
28,2,36192
53,8,35328
36,8,20768
8,2,32812
28,8,36198
28,8,36078
36,2,20762
22,9,39249
28,2,36462
54,8,38418
50,13,286413
38,2,33122
38,3,33123
51,8,29008
15,8,36998
15,9,36999
52,8,29238
15,2,36992
52,2,29232
15,2,37022
38,2,33012
38,3,33013
15,9,37029
15,8,37028
4,2,36682
15,8,37148
28,8,36048
46,8,36518
46,2,36512
28,2,36042
50,13,281813
50,13,285513
20,8,29798
18,13,399513
18,11,399511
18,7,27427
52,8,29308
56,13,338913
53,8,38668
53,9,38669
52,2,29302
53,2,38662
52,2,37482
15,9,37339
15,8,37338
18,2,40032
52,8,37488
18,3,16963
15,2,37332
3,2,23532
48,8,31788
48,9,31789
33,2,40342
56,13,337413
48,2,31782
48,3,31783
33,8,40348
33,9,40349
50,9,28789
48,9,31529
22,9,39429
22,8,39428
56,2,33872
50,3,28783
22,3,39423
22,2,39422
48,8,28018
48,9,28019
43,13,263713
51,2,29012
33,2,40292
50,9,28549
48,2,31652
48,3,28013
33,8,40298
50,3,28543
51,8,29018
57,2,34222
57,3,34223
53,8,38798
53,9,38799
2,2,23102
53,2,38792
57,8,34228
15,2,37152
48,9,31689
57,8,34178
3,2,23522
57,2,34172
3,8,23528
38,9,33109
28,2,35882
28,8,35888
50,13,283213
54,2,38242
22,8,39338
50,13,287913
50,3,28303
22,3,39333
22,2,39332
50,9,28309
52,2,29162
52,8,29168
36,8,35318
36,2,35312
2,2,23182
3,8,23638
38,8,33098
2,8,23188
3,2,23632
50,3,28163
22,3,39203
22,2,39202
50,9,28169
22,9,39209
22,8,39208
51,2,28942
28,2,35952
54,8,38338
50,3,28763
51,8,28948
28,8,35958
54,2,38332
50,9,28769
20,8,25678
8,8,32208
20,2,25672
8,2,32202
9,2,26342
2,8,23458
44,2,22692
45,8,23988
9,7,26347
44,8,22698
45,2,23982
50,13,282413
2,2,23452
8,2,32682
15,9,36989
8,8,32688
8,2,32512
22,2,39112
22,13,397113
22,13,393413
8,8,32518
22,8,39118
50,13,281513
8,8,32338
8,2,32332
50,13,286313
44,8,22588
48,3,31923
3,2,23852
3,8,23858
44,2,22582
48,9,31929
20,8,25298
53,8,38888
53,9,38889
51,2,29072
53,2,38882
20,2,25292
20,2,25452
28,2,36212
28,8,36218
20,8,25458
51,8,29078
20,2,25582
20,8,25588
4,8,36858
4,2,36852
18,7,39937
22,13,391013
18,3,39933
2,2,23212
54,8,38408
54,9,38409
28,8,36328
28,8,36458
54,2,38402
28,2,36452
28,2,36322
52,8,29228
22,9,39689
22,8,39688
22,3,39683
22,2,39682
52,2,29222
50,9,28299
15,2,37032
50,13,285213
38,3,33063
38,2,33062
54,2,38532
22,13,392613
38,9,33069
38,8,33068
15,8,37038
15,9,37039
54,8,38538
54,9,38539
28,8,36038
22,13,395413
46,8,36528
46,2,36522
28,2,36032
38,9,33209
38,8,33208
44,2,40192
38,3,33203
38,2,33202
44,8,40198
52,2,29312
52,8,29318
22,9,39499
53,9,38659
53,8,38658
22,3,39753
22,2,39752
53,2,38652
22,9,39759
22,8,39758
15,8,37328
28,2,36142
15,2,37322
28,8,36148
54,8,38298
50,13,283113
22,13,395713
22,8,39438
22,9,39439
56,7,33687
56,2,33682
22,13,393713
22,2,39432
22,3,39433
51,2,29002
50,3,28573
52,2,29822
20,2,29792
15,9,37149
57,9,34219
57,8,34218
15,2,37142
52,8,29828
57,3,34213
57,2,34212
48,3,31683
48,2,31682
3,8,23538
48,8,31688
50,13,287213
28,2,35892
50,3,28683
22,2,39322
22,3,39323
50,9,28689
28,8,35898
22,8,39328
22,9,39329
54,9,38349
50,3,28373
50,9,28379
52,8,29178
28,8,35948
52,2,29172
18,13,399013
54,9,38289
36,8,35308
9,13,263213
36,2,35302
54,8,38598
18,11,399011
54,9,38599
50,13,284813
2,8,23198
3,8,23628
3,2,23622
2,2,23192
22,2,39212
22,3,39213
50,9,28199
22,8,39218
22,9,39219
50,3,28193
50,3,28753
54,8,38348
57,3,34143
57,2,34142
51,8,28978
50,9,28759
54,2,38342
51,2,28972
50,3,28203
57,8,34148
