route_id,service_id,trip_id,shape_id
8,8,32238, 
8,2,32232, 
2,8,23448, 
22,13,393913, 
44,8,22668, 
2,2,23442, 
43,2,26372, 
44,2,22662, 
59,9,43279, 
59,8,43278, 
59,2,43272, 
59,9,43329, 
22,8,39108, 
22,9,39109, 
8,8,32528, 
8,2,32522, 
22,2,39102, 
22,3,39103, 
8,2,32302, 
8,2,32652, 
8,8,32658, 
51,2,43872, 
59,8,42458, 
59,9,42459, 
59,2,43182, 
59,9,43189, 
59,8,43188, 
59,2,42452, 
28,8,36258, 
22,3,43473, 
22,2,43472, 
3,2,23842, 
22,9,43479, 
22,8,43478, 
3,8,23848, 
8,8,32788, 
20,2,25662, 
8,2,32782, 
20,8,25668, 
22,13,391713, 
61,9,44649, 
20,8,25288, 
20,2,25282, 
28,2,36202, 
43,7,26377, 
20,8,25448, 
20,8,41838, 
22,13,392113, 
28,8,36208, 
62,2,43982, 
20,2,41832, 
20,2,25442, 
59,9,43379, 
54,9,43699, 
54,8,43698, 
59,2,42052, 
59,8,42058, 
59,9,42059, 
54,2,43692, 
20,2,25592, 
59,2,43052, 
43,7,26397, 
59,9,42589, 
22,9,43509, 
22,8,43508, 
43,2,26392, 
59,2,42582, 
20,8,25598, 
59,8,43058, 
22,3,43503, 
22,2,43502, 
59,8,42908, 
59,9,42909, 
59,9,42329, 
59,2,42902, 
54,2,38432, 
18,7,39927, 
54,9,38439, 
54,8,38438, 
28,8,36448, 
59,2,42632, 
53,8,41908, 
28,8,36338, 
59,8,42638, 
53,2,41902, 
28,2,36442, 
59,8,42778, 
28,2,36332, 
59,8,42088, 
61,8,44498, 
60,9,44249, 
60,8,44248, 
59,9,41349, 
59,8,41348, 
22,2,39692, 
22,3,39693, 
60,2,44242, 
59,2,41632, 
22,8,39698, 
38,8,33188, 
59,2,41342, 
59,8,40988, 
59,9,40989, 
59,8,42838, 
38,9,33189, 
59,2,42832, 
59,2,40982, 
38,2,33072, 
54,2,38502, 
50,13,282613, 
46,2,36532, 
61,8,44648, 
38,8,33078, 
54,8,38508, 
46,8,36538, 
61,2,44642, 
50,9,28419, 
59,8,42818, 
28,8,36028, 
59,8,42128, 
56,7,33867, 
4,2,36842, 
59,9,42819, 
28,2,36022, 
4,8,36848, 
59,2,42122, 
59,9,41169, 
59,8,41168, 
44,2,40182, 
59,8,41698, 
38,2,33212, 
59,2,41692, 
59,2,41162, 
59,2,41672, 
52,2,29362, 
52,8,29368, 
22,13,395013, 
18,11,274111, 
28,2,36152, 
59,9,41589, 
59,8,41588, 
50,9,28569, 
56,2,33672, 
59,2,41582, 
28,8,36158, 
56,7,33677, 
61,2,44332, 
59,2,41762, 
50,9,28219, 
61,9,44339, 
61,8,44338, 
59,9,41769, 
59,8,41768, 
56,7,33697, 
56,2,33692, 
50,3,28563, 
59,9,41369, 
59,9,41569, 
59,8,41568, 
51,8,43878, 
59,2,40962, 
61,2,44422, 
59,8,40968, 
52,8,29438, 
59,8,40898, 
54,9,38569, 
2,8,23058, 
3,8,23508, 
56,13,336913, 
43,13,263513, 
3,2,23502, 
2,2,23052, 
22,3,39353, 
22,2,39352, 
22,9,39359, 
22,8,39358, 
8,8,32308, 
59,9,40899, 
50,3,28363, 
56,13,338613, 
22,3,39593, 
22,2,39592, 
50,9,28369, 
22,9,39599, 
22,8,39598, 
20,8,25348, 
61,9,44379, 
18,11,399711, 
56,13,339213, 
18,13,399713, 
61,8,44378, 
3,8,23618, 
36,2,40412, 
59,8,42518, 
3,2,23612, 
36,8,40418, 
50,9,28389, 
50,9,28189, 
50,13,283613, 
50,3,28183, 
28,8,35938, 
57,2,34152, 
54,9,38359, 
50,9,28749, 
2,8,23298, 
54,2,38352, 
57,9,34159, 
28,2,35932, 
2,2,23292, 
50,3,28743, 
2,2,23472, 
50,9,43579, 
60,8,44298, 
2,8,23478, 
4,8,36798, 
22,13,394413, 
59,2,43262, 
2,2,23272, 
43,2,26362, 
2,2,23122, 
44,2,22672, 
2,8,23278, 
22,13,435013, 
43,7,26367, 
8,8,32538, 
22,8,39178, 
8,8,32828, 
28,2,35842, 
59,8,41188, 
8,2,32532, 
22,2,39172, 
8,2,32822, 
28,8,35848, 
8,2,32312, 
50,3,43573, 
20,8,25728, 
51,8,43868, 
8,8,32318, 
51,2,43862, 
20,2,25722, 
59,2,43192, 
59,8,43198, 
59,9,43199, 
59,2,43462, 
3,2,23872, 
8,2,32792, 
59,8,43468, 
3,8,23878, 
8,8,32798, 
20,2,25612, 
53,2,39002, 
20,8,25618, 
53,9,39009, 
53,8,39008, 
50,9,28329, 
50,13,285413, 
20,8,41828, 
20,8,25438, 
62,8,43998, 
62,9,43999, 
44,2,22702, 
28,8,36238, 
62,2,43992, 
20,2,41822, 
20,2,25432, 
28,2,36232, 
44,8,22708, 
55,2,38622, 
59,2,42022, 
8,8,43688, 
59,9,42029, 
59,8,42028, 
8,2,43682, 
43,7,26387, 
43,2,26382, 
59,9,43049, 
22,8,43518, 
22,9,43519, 
22,2,43512, 
22,3,43513, 
59,2,43042, 
59,9,42939, 
59,8,42938, 
59,2,42932, 
54,2,38422, 
53,2,41912, 
20,2,25542, 
18,3,39913, 
54,9,38429, 
18,7,39917, 
20,8,25548, 
50,3,43593, 
28,8,36308, 
28,2,36302, 
61,9,44489, 
59,2,42482, 
59,9,42339, 
59,8,42338, 
59,9,42489, 
59,8,42488, 
59,2,42332, 
38,9,33199, 
46,2,36492, 
59,2,42802, 
50,9,28409, 
54,9,38509, 
38,2,33192, 
59,9,42809, 
4,2,36942, 
50,9,43599, 
61,8,44658, 
62,9,43989, 
46,2,36542, 
54,8,38518, 
28,2,36012, 
38,9,33049, 
38,8,33048, 
46,8,36548, 
61,2,44652, 
59,8,42008, 
38,2,33042, 
54,2,38512, 
28,8,36018, 
59,2,41222, 
59,8,42158, 
4,2,36832, 
4,2,36782, 
4,8,36838, 
59,8,41228, 
59,2,42152, 
4,8,36788, 
50,9,43629, 
50,9,40179, 
50,3,40173, 
52,2,29372, 
59,2,40882, 
59,9,40889, 
59,8,40888, 
52,8,29378, 
4,8,36678, 
60,8,44148, 
22,13,391213, 
59,8,41598, 
28,2,36162, 
60,2,44252, 
59,2,41592, 
28,8,36168, 
60,8,44258, 
60,9,44259, 
33,9,40319, 
33,8,40318, 
61,8,44328, 
61,9,44329, 
33,2,40312, 
59,9,43309, 
61,2,44322, 
50,3,28513, 
59,2,41572, 
54,9,38189, 
54,8,38188, 
50,9,28519, 
18,2,40082, 
54,2,38182, 
59,8,41578, 
59,9,41579, 
53,9,38749, 
53,8,38748, 
59,9,43229, 
53,2,38742, 
20,8,29808, 
59,2,40952, 
61,2,44432, 
57,2,33992, 
38,2,33222, 
59,2,41682, 
59,8,40778, 
61,8,44438, 
57,8,33998, 
20,2,29802, 
59,8,40958, 
59,8,41688, 
59,2,40772, 
38,9,33229, 
38,8,33228, 
3,8,23518, 
59,2,40552, 
2,8,23048, 
44,2,40222, 
3,2,23512, 
2,2,23042, 
44,8,40228, 
59,9,40559, 
59,8,40558, 
59,2,40792, 
59,9,40719, 
59,9,40799, 
59,8,40798, 
22,2,39582, 
57,2,34092, 
50,9,28429, 
22,8,39588, 
54,2,38292, 
59,8,42588, 
50,3,28423, 
52,8,29118, 
59,9,43119, 
52,2,29112, 
3,2,23602, 
59,9,41329, 
3,8,23608, 
59,2,40422, 
59,9,40429, 
59,8,40428, 
22,13,395913, 
59,9,43059, 
50,13,283313, 
22,8,39508, 
59,9,42849, 
54,2,38362, 
59,2,41542, 
54,9,38369, 
54,8,38368, 
2,8,23288, 
50,13,435713, 
28,8,35928, 
59,9,40969, 
54,2,38162, 
28,2,35922, 
2,2,23282, 
54,9,38169, 
54,8,38168, 
59,8,43438, 
2,2,23462, 
8,2,32492, 
2,8,23468, 
22,13,393513, 
8,8,32498, 
44,8,22648, 
2,2,23262, 
59,9,43219, 
44,2,22642, 
52,8,29198, 
2,8,23268, 
50,9,28509, 
53,2,35322, 
8,8,32818, 
28,2,35852, 
50,3,28643, 
22,2,39162, 
22,3,39163, 
50,9,28649, 
28,8,35858, 
51,8,43858, 
20,8,25738, 
51,2,43852, 
50,13,281813, 
20,2,25732, 
59,8,42218, 
51,8,28958, 
3,8,23868, 
59,8,43328, 
59,9,43459, 
59,8,43458, 
59,2,43452, 
3,2,23862, 
59,2,43322, 
20,2,25602, 
8,2,32252, 
53,2,39012, 
8,8,32258, 
20,8,25608, 
52,8,29468, 
53,8,39018, 
53,9,39019, 
20,2,25132, 
20,8,25138, 
28,8,36228, 
44,8,32078, 
20,8,25428, 
53,2,38982, 
20,2,25422, 
28,2,36222, 
44,2,32072, 
50,13,286213, 
53,9,38989, 
53,8,38988, 
59,2,42032, 
61,9,44639, 
59,8,42038, 
59,9,42039, 
59,9,43039, 
59,8,43038, 
22,9,43529, 
22,8,43528, 
22,3,43523, 
22,2,43522, 
59,2,43032, 
59,9,40949, 
18,7,39907, 
62,2,44032, 
18,3,39903, 
53,9,41909, 
57,2,41962, 
20,2,25552, 
28,2,36312, 
57,9,41969, 
57,8,41968, 
28,8,36318, 
20,8,25558, 
57,9,33989, 
56,13,337213, 
22,13,434813, 
53,9,35569, 
59,8,42498, 
59,9,41149, 
59,8,42328, 
59,2,43142, 
59,2,42322, 
59,8,43148, 
59,2,42492, 
59,2,42812, 
59,8,41368, 
28,8,36488, 
59,9,43099, 
4,8,36958, 
38,2,33182, 
59,2,41362, 
4,2,36952, 
28,2,36482, 
22,13,391113, 
62,8,43988, 
46,2,36552, 
54,8,38568, 
28,2,36002, 
28,8,36008, 
46,8,36558, 
54,2,38562, 
59,9,43319, 
4,2,36822, 
4,2,36792, 
59,9,42149, 
59,2,42922, 
59,2,42142, 
4,8,36828, 
9,7,26297, 
59,8,42928, 
59,9,42929, 
61,2,44682, 
60,9,44139, 
60,8,44138, 
61,9,44689, 
61,8,44688, 
18,2,40162, 
60,2,44132, 
59,2,40892, 
55,3,38623, 
52,8,29348, 
55,8,38628, 
55,9,38629, 
52,2,29342, 
50,13,285313, 
54,8,43708, 
60,2,44222, 
28,8,36178, 
60,9,44229, 
60,8,44228, 
28,2,36172, 
61,9,44359, 
61,8,44358, 
33,8,40308, 
33,9,40309, 
33,2,40302, 
9,7,41787, 
61,2,44352, 
9,2,41782, 
54,8,38198, 
50,3,28503, 
18,2,40092, 
54,2,38192, 
59,8,41548, 
53,8,38758, 
53,9,38759, 
53,2,38752, 
57,2,33982, 
52,8,29298, 
38,2,33232, 
59,8,40948, 
59,2,41142, 
38,8,33238, 
38,9,33239, 
57,8,33988, 
52,2,29292, 
59,2,40942, 
59,8,41148, 
2,8,23078, 
44,2,40232, 
2,2,23072, 
44,8,40238, 
22,9,39699, 
54,2,38282, 
54,8,38288, 
54,9,38289, 
22,8,39578, 
57,2,34082, 
50,9,28349, 
22,9,39579, 
52,2,29122, 
50,9,28439, 
57,8,34088, 
50,3,28343, 
50,3,28433, 
22,3,39573, 
22,2,39572, 
50,13,283413, 
59,9,42839, 
22,13,395213, 
50,13,287313, 
3,2,23672, 
53,9,41919, 
3,8,23678, 
56,13,337113, 
59,8,40438, 
59,9,40439, 
22,8,43488, 
52,8,29128, 
59,2,40432, 
54,2,38372, 
28,2,35912, 
50,3,28233, 
54,8,38378, 
54,9,38379, 
50,9,28239, 
28,8,35918, 
22,9,39489, 
22,8,39488, 
50,9,28729, 
54,2,38172, 
50,3,28723, 
22,3,39483, 
22,2,39482, 
54,8,38178, 
54,9,38179, 
8,2,32482, 
3,8,23498, 
44,2,22652, 
8,8,32488, 
44,8,22658, 
3,2,23492, 
59,2,43202, 
2,2,23252, 
3,8,23708, 
59,8,43208, 
2,8,23258, 
3,2,23702, 
22,3,39153, 
22,2,39152, 
8,2,32802, 
8,8,32808, 
22,9,39159, 
22,8,39158, 
28,2,35862, 
2,2,23382, 
50,3,28653, 
22,3,39393, 
22,2,39392, 
2,8,23388, 
28,8,35868, 
22,9,39399, 
22,8,39398, 
50,9,28659, 
38,9,33079, 
8,8,32668, 
59,9,40859, 
8,2,32662, 
59,8,43448, 
3,8,23818, 
59,8,43338, 
59,9,43339, 
59,2,43442, 
3,2,23812, 
59,2,43332, 
8,2,32242, 
53,2,39022, 
20,8,25638, 
8,8,32248, 
53,8,39028, 
20,2,25632, 
59,9,41999, 
59,9,41549, 
20,2,25142, 
20,2,25412, 
50,3,43553, 
20,8,25148, 
4,8,36928, 
59,9,42579, 
20,8,25418, 
53,2,38992, 
45,8,22728, 
20,2,25382, 
59,9,42799, 
59,8,42798, 
53,8,38998, 
53,9,38999, 
59,2,42792, 
45,2,22722, 
20,8,25388, 
59,9,42559, 
59,8,42558, 
59,9,42009, 
50,3,43533, 
59,2,42002, 
59,2,42552, 
22,13,396813, 
59,8,43028, 
59,9,43029, 
51,2,43842, 
59,9,43009, 
59,2,43022, 
46,8,36598, 
22,9,43499, 
18,3,39973, 
50,9,43559, 
18,7,39977, 
55,13,329213, 
38,8,33218, 
59,2,41972, 
20,2,25562, 
28,2,36362, 
45,2,32112, 
28,8,36368, 
59,8,41978, 
20,8,25568, 
22,13,392013, 
45,8,32118, 
61,9,44549, 
59,9,40539, 
62,9,44019, 
44,8,40188, 
59,9,42319, 
59,8,42318, 
59,2,43152, 
59,9,41519, 
59,2,42312, 
59,8,43158, 
59,9,43159, 
4,8,36968, 
4,2,36962, 
59,8,41048, 
54,8,38578, 
54,9,38579, 
59,2,42172, 
57,9,34109, 
46,8,36568, 
54,2,38572, 
46,2,36562, 
59,9,42179, 
59,8,42178, 
59,8,41208, 
59,9,41209, 
18,13,274113, 
59,2,42952, 
4,8,36768, 
59,2,42772, 
59,9,42959, 
59,8,42958, 
59,2,41202, 
59,9,42779, 
4,2,36812, 
4,2,36762, 
38,2,33082, 
61,8,44698, 
61,9,44699, 
62,8,44128, 
46,2,36582, 
50,13,285813, 
18,2,40152, 
56,7,33737, 
38,8,33088, 
62,2,44122, 
46,8,36588, 
61,2,44692, 
56,2,33732, 
52,8,29358, 
54,9,38619, 
54,8,38618, 
52,2,29352, 
54,2,38612, 
2,2,23172, 
60,2,44232, 
28,8,36108, 
60,8,44238, 
28,2,36102, 
22,9,39669, 
61,8,44348, 
61,9,44349, 
61,2,44342, 
56,2,33882, 
43,2,41792, 
59,8,41558, 
59,9,41559, 
50,9,28539, 
50,3,28533, 
50,9,28489, 
59,2,41552, 
53,9,38769, 
53,8,38768, 
22,3,39623, 
22,2,39622, 
53,2,38762, 
22,9,39629, 
22,8,39628, 
59,9,40939, 
59,8,40938, 
52,8,29288, 
57,9,34039, 
46,2,36612, 
52,2,29282, 
59,2,40932, 
46,8,36618, 
44,2,40202, 
61,9,44499, 
50,13,285613, 
44,8,40208, 
50,13,284213, 
18,13,398613, 
18,11,398611, 
52,2,29132, 
22,8,39568, 
22,9,39569, 
50,3,28403, 
22,2,39562, 
22,3,39563, 
33,2,40332, 
33,9,40339, 
33,8,40338, 
3,2,23662, 
33,9,40299, 
50,9,28299, 
57,2,34052, 
3,8,23668, 
57,9,34059, 
57,8,34058, 
59,9,40449, 
59,8,40448, 
22,13,393813, 
22,13,393113, 
59,2,40442, 
28,2,35902, 
50,3,28713, 
54,8,38388, 
28,8,35908, 
50,9,28719, 
54,2,38382, 
54,2,38142, 
2,2,23062, 
54,9,38149, 
54,8,38148, 
2,8,23068, 
44,2,22622, 
8,8,32478, 
3,8,23488, 
50,13,435513, 
44,8,22628, 
3,2,23482, 
8,2,32472, 
2,2,23312, 
2,8,23248, 
3,8,23718, 
59,8,43238, 
50,13,282113, 
3,2,23712, 
59,2,43232, 
2,2,23242, 
22,2,39142, 
22,3,39143, 
22,8,39148, 
22,9,39149, 
2,2,23392, 
22,2,39382, 
22,3,39383, 
59,8,43178, 
2,8,23398, 
28,2,35872, 
22,9,39389, 
8,8,32618, 
50,13,284313, 
8,2,32612, 
8,8,32588, 
52,2,28862, 
9,7,26287, 
8,2,32582, 
9,2,26282, 
3,8,23808, 
59,8,43308, 
33,9,26449, 
33,8,26448, 
3,2,23802, 
59,2,43302, 
22,9,39099, 
33,2,26442, 
20,8,25628, 
53,8,39038, 
53,9,39039, 
8,8,32278, 
20,2,25622, 
59,9,42869, 
8,2,32272, 
53,2,39032, 
22,3,43493, 
22,2,43492, 
20,2,25402, 
51,8,43948, 
20,8,25408, 
20,8,25158, 
59,2,41562, 
51,2,43942, 
59,8,42788, 
45,8,22758, 
20,2,25392, 
53,9,38969, 
53,8,38968, 
20,8,25398, 
59,2,42782, 
45,2,22752, 
53,2,38962, 
59,8,42018, 
59,9,42019, 
50,3,43543, 
22,9,39529, 
45,2,23932, 
59,2,43012, 
59,8,42548, 
59,9,42549, 
50,9,43549, 
59,2,42012, 
59,2,42542, 
45,8,23938, 
59,8,43018, 
22,13,396613, 
51,2,43832, 
59,2,41602, 
20,2,25712, 
22,13,391913, 
51,8,43838, 
20,8,25718, 
51,8,43788, 
18,7,39967, 
8,8,32418, 
28,2,36372, 
45,2,32122, 
20,8,25578, 
57,9,41949, 
57,8,41948, 
50,13,281613, 
28,8,36378, 
45,8,32128, 
57,2,41942, 
20,2,25572, 
59,2,42302, 
59,8,42308, 
59,9,42309, 
54,8,38308, 
59,2,43162, 
9,7,26267, 
9,2,26262, 
59,9,43169, 
59,8,43168, 
50,13,287713, 
54,8,38558, 
54,2,38542, 
22,13,391413, 
18,7,39817, 
59,9,41989, 
54,9,38549, 
54,8,38548, 
46,8,36578, 
59,2,42162, 
59,8,42168, 
54,9,38419, 
46,2,36572, 
18,7,16967, 
59,2,42942, 
53,8,41898, 
59,2,42762, 
4,8,36778, 
4,2,36802, 
53,2,41892, 
4,2,36772, 
59,8,42768, 
59,9,42769, 
38,8,33128, 
62,9,44119, 
62,8,44118, 
46,2,36592, 
38,9,33099, 
38,9,33129, 
62,2,44112, 
61,9,44389, 
56,2,33722, 
38,2,33092, 
54,8,38608, 
54,9,38609, 
54,2,38602, 
43,13,264313, 
61,9,44599, 
46,8,37358, 
46,2,37352, 
28,8,36118, 
59,2,41302, 
45,8,44758, 
4,2,36972, 
60,8,44208, 
28,2,36112, 
59,8,41308, 
61,8,44428, 
4,8,36978, 
60,2,44202, 
45,2,44752, 
61,2,44572, 
50,13,285113, 
61,9,44579, 
61,8,44578, 
59,9,41529, 
59,8,41528, 
53,2,38772, 
56,13,338813, 
59,9,40489, 
59,2,41522, 
53,8,38778, 
53,9,38779, 
50,13,284513, 
22,2,39632, 
22,3,39633, 
22,13,391313, 
28,8,36298, 
22,8,39638, 
22,9,39639, 
59,8,40928, 
59,9,40929, 
46,2,36602, 
18,2,40142, 
59,2,40922, 
46,8,36608, 
59,8,42208, 
44,8,40218, 
59,9,43449, 
44,2,40212, 
50,3,28413, 
50,9,28289, 
59,9,41639, 
59,8,41638, 
22,9,39559, 
22,8,39558, 
22,3,39553, 
22,2,39552, 
52,2,29382, 
33,2,40322, 
56,7,33897, 
59,2,40852, 
61,2,44372, 
56,2,33892, 
54,8,43728, 
33,8,40328, 
33,9,40329, 
52,8,29388, 
59,8,40858, 
52,2,29432, 
18,13,399913, 
18,11,399911, 
57,2,34042, 
2,8,23128, 
3,8,23658, 
50,13,282213, 
3,2,23652, 
57,8,34048, 
50,3,28383, 
59,8,40458, 
59,9,40459, 
59,2,40452, 
50,3,28253, 
50,3,28703, 
59,9,42169, 
54,8,38398, 
54,9,38399, 
50,9,28709, 
50,9,28259, 
54,2,38392, 
54,8,38158, 
54,9,38159, 
53,9,35329, 
54,2,38152, 
44,2,22632, 
8,8,32468, 
9,13,262913, 
59,2,41402, 
44,8,22638, 
50,13,286513, 
8,2,32462, 
50,13,286113, 
59,8,43228, 
2,8,23238, 
3,8,23728, 
3,2,23722, 
59,2,43222, 
2,2,23232, 
53,9,39029, 
8,8,32348, 
38,9,33089, 
50,13,435613, 
50,9,28679, 
50,3,28673, 
50,13,287513, 
8,8,32598, 
3,2,23832, 
59,2,43312, 
2,2,23342, 
8,2,32592, 
9,2,26292, 
59,8,43318, 
2,8,23348, 
3,8,23838, 
22,13,392813, 
53,9,39049, 
53,8,39048, 
53,2,39042, 
61,8,44588, 
8,2,32732, 
22,9,43489, 
52,8,43958, 
20,8,25168, 
57,9,34149, 
52,2,43952, 
20,2,25162, 
22,2,43482, 
22,3,43483, 
8,2,32282, 
20,8,25368, 
53,8,38978, 
53,9,38979, 
53,2,38972, 
8,8,32288, 
20,2,25362, 
3,2,23902, 
59,2,43002, 
59,8,42578, 
4,8,36688, 
59,8,43008, 
59,2,42572, 
3,8,23908, 
22,9,39119, 
51,2,43822, 
45,2,43792, 
33,9,40249, 
54,9,38519, 
45,8,43798, 
51,8,43828, 
59,8,41088, 
9,13,262813, 
18,7,39957, 
38,8,33018, 
18,3,39953, 
38,9,33019, 
57,8,41958, 
20,8,25508, 
59,2,42682, 
45,8,32138, 
28,8,36348, 
59,9,42689, 
59,8,42688, 
57,2,41952, 
20,2,25502, 
28,2,36342, 
45,2,32132, 
57,9,34049, 
59,2,42372, 
59,9,42379, 
59,8,42378, 
59,9,42419, 
9,7,26277, 
60,8,44188, 
9,2,26272, 
59,9,43179, 
28,8,36048, 
59,2,43172, 
54,2,38552, 
22,13,396313, 
53,2,38802, 
20,2,25212, 
18,3,39823, 
54,9,38559, 
59,9,42639, 
18,7,39827, 
20,8,25218, 
53,8,38808, 
53,9,38809, 
22,13,434913, 
59,9,42199, 
59,8,42198, 
20,2,25182, 
45,2,23922, 
20,8,25188, 
56,13,337313, 
59,2,42192, 
59,2,42752, 
53,8,41888, 
4,8,36748, 
59,9,42209, 
59,8,42108, 
59,9,42979, 
59,8,42978, 
53,2,41882, 
4,2,36742, 
59,9,42759, 
28,2,36292, 
59,2,42972, 
59,2,42202, 
59,8,41408, 
61,8,44408, 
56,2,33712, 
56,7,33717, 
57,9,41939, 
45,8,23928, 
59,2,42992, 
59,9,42999, 
59,8,42998, 
59,2,41082, 
61,9,44589, 
28,2,36122, 
61,2,44582, 
59,9,41089, 
28,8,36128, 
60,8,44218, 
60,9,44219, 
4,2,36902, 
38,9,33159, 
38,8,33158, 
61,8,44748, 
61,9,44749, 
4,8,36908, 
60,2,44212, 
61,2,44742, 
38,2,33152, 
59,8,41108, 
61,2,44562, 
59,9,40409, 
61,8,44568, 
18,2,40042, 
59,8,41538, 
53,2,38702, 
59,2,41532, 
53,8,38708, 
61,9,44569, 
22,3,39603, 
22,2,39602, 
59,8,43388, 
59,2,40912, 
51,8,43848, 
22,9,39609, 
22,8,39608, 
59,9,40919, 
59,8,40918, 
46,2,36632, 
59,9,41539, 
62,2,44102, 
46,8,36638, 
62,8,44108, 
62,9,44109, 
33,9,40269, 
33,8,40268, 
59,9,40599, 
59,8,40598, 
59,2,40592, 
22,13,395313, 
33,2,40262, 
53,9,38709, 
50,3,28463, 
59,2,41622, 
22,2,39542, 
22,3,39543, 
50,9,28469, 
61,9,44399, 
22,8,39548, 
22,9,39549, 
59,8,41628, 
59,9,41629, 
22,13,394313, 
22,13,395713, 
50,13,282713, 
54,8,38358, 
61,2,44362, 
52,8,29398, 
52,8,29428, 
61,8,44368, 
61,9,44369, 
52,2,29422, 
52,2,29392, 
18,13,398413, 
3,8,23648, 
57,2,34072, 
59,2,40462, 
2,8,23138, 
3,2,23642, 
57,8,34078, 
2,2,23132, 
59,9,40469, 
59,8,40468, 
57,8,34158, 
53,9,38879, 
53,8,38878, 
50,13,298413, 
50,9,28269, 
22,13,395513, 
50,3,28263, 
50,3,28213, 
54,9,38129, 
54,8,38128, 
54,2,38122, 
50,3,28283, 
44,8,22608, 
3,8,23738, 
44,2,22602, 
56,13,339013, 
2,8,23228, 
2,2,23222, 
59,9,41979, 
50,9,28609, 
28,8,35818, 
54,2,38232, 
28,2,35812, 
50,3,28603, 
54,9,38239, 
54,8,38238, 
4,8,36718, 
50,13,286813, 
53,9,41879, 
22,13,392313, 
45,2,28842, 
3,2,23822, 
59,2,43362, 
2,2,23352, 
3,8,23828, 
59,8,43368, 
45,8,28848, 
2,8,23358, 
62,2,44062, 
53,8,39058, 
55,8,32928, 
59,9,42709, 
55,3,32923, 
55,2,32922, 
59,8,42258, 
20,8,25178, 
8,2,32702, 
52,8,43968, 
44,8,22678, 
52,2,43962, 
20,2,25172, 
8,8,32708, 
53,9,38949, 
53,8,38948, 
50,13,435313, 
59,2,42562, 
53,2,38942, 
20,2,25372, 
59,9,42569, 
3,8,23918, 
50,9,43569, 
59,8,43268, 
50,3,43563, 
3,2,23912, 
59,9,43269, 
54,9,43769, 
8,2,32632, 
51,8,43818, 
51,2,43812, 
54,2,43762, 
22,13,396013, 
54,2,38492, 
50,3,43583, 
54,9,38499, 
54,8,38498, 
50,9,43589, 
18,7,39947, 
59,2,42692, 
44,8,32148, 
28,2,36352, 
44,2,32142, 
50,13,436213, 
59,2,42362, 
50,9,28789, 
59,8,42368, 
59,9,42369, 
59,9,43109, 
59,8,43108, 
59,2,43102, 
18,7,39837, 
50,13,435413, 
61,8,44548, 
22,8,39428, 
20,2,25202, 
20,8,25208, 
22,9,39179, 
50,3,28783, 
20,2,25192, 
4,2,36752, 
59,9,42189, 
62,9,44089, 
59,2,42182, 
20,8,25198, 
56,7,33877, 
59,8,42968, 
59,9,42969, 
28,8,36288, 
59,8,42748, 
59,9,42749, 
50,3,43613, 
59,9,42219, 
28,2,36282, 
59,2,42962, 
59,2,42212, 
59,2,42742, 
59,2,42982, 
22,3,39173, 
59,8,42988, 
59,9,42989, 
28,2,36132, 
28,8,36138, 
53,9,39059, 
4,2,36912, 
59,2,41982, 
22,9,39589, 
38,8,33148, 
59,8,41328, 
4,8,36918, 
59,8,41988, 
38,2,33142, 
59,2,41322, 
61,2,44552, 
50,13,285913, 
62,9,44009, 
59,2,41502, 
61,9,44559, 
61,8,44558, 
18,2,40052, 
59,9,41509, 
62,2,44002, 
53,2,38712, 
45,8,32098, 
53,8,38718, 
53,9,38699, 
22,13,393213, 
59,2,40902, 
61,2,44482, 
22,8,39618, 
22,9,39619, 
59,8,40908, 
61,8,44488, 
18,11,399111, 
22,2,39612, 
22,3,39613, 
18,2,40122, 
59,9,41189, 
56,7,33707, 
46,8,36628, 
59,9,42499, 
56,2,33702, 
53,8,38928, 
60,9,44179, 
59,2,41182, 
46,2,36622, 
33,8,40278, 
33,9,40279, 
33,2,40272, 
50,3,28473, 
22,3,39533, 
22,2,39532, 
22,9,39539, 
22,8,39538, 
59,9,41619, 
59,8,41618, 
61,9,44739, 
61,8,44738, 
59,8,40698, 
59,9,40699, 
52,8,29418, 
59,8,40878, 
61,8,44398, 
43,13,264113, 
9,13,263313, 
52,2,29412, 
59,2,40692, 
59,8,42628, 
59,2,40872, 
61,2,44392, 
56,13,337413, 
59,2,40472, 
2,8,23108, 
57,8,34068, 
57,9,34069, 
59,8,40478, 
2,2,23102, 
22,13,394813, 
57,2,34062, 
57,9,34179, 
59,2,40672, 
22,9,39289, 
22,8,39288, 
22,3,39283, 
22,2,39282, 
59,8,40678, 
59,9,40679, 
50,9,28279, 
22,9,39449, 
22,8,39448, 
50,3,28273, 
22,3,39443, 
22,2,39442, 
22,13,435213, 
54,8,38138, 
54,9,38139, 
50,13,284713, 
54,2,38132, 
57,9,34079, 
44,8,22618, 
3,2,23742, 
50,3,28293, 
3,8,23748, 
44,2,22612, 
4,8,36818, 
59,9,41699, 
2,8,23218, 
8,8,26508, 
3,2,23582, 
8,2,26502, 
28,2,35942, 
3,8,23588, 
22,9,39199, 
22,8,39198, 
28,2,35822, 
22,3,39193, 
22,2,39192, 
28,8,35828, 
50,9,28619, 
54,2,38222, 
50,3,28613, 
54,8,38228, 
54,9,38229, 
59,9,43469, 
59,2,43372, 
2,2,23362, 
51,8,28858, 
50,13,283013, 
22,13,395813, 
59,8,43378, 
2,8,23368, 
51,2,28852, 
3,2,23692, 
53,2,39062, 
3,8,23698, 
53,9,39069, 
53,8,39068, 
54,9,38479, 
22,3,39263, 
22,2,39262, 
22,9,39269, 
22,8,39268, 
8,8,32718, 
53,2,38952, 
53,8,38958, 
53,9,38959, 
8,2,32712, 
20,8,25698, 
59,2,42512, 
59,9,42519, 
20,2,25342, 
20,2,25692, 
50,13,286713, 
45,8,23968, 
43,13,263913, 
45,2,23962, 
51,8,43808, 
22,3,39653, 
51,8,43778, 
51,2,43802, 
22,13,396713, 
51,2,43772, 
54,2,38482, 
20,2,25522, 
8,8,32738, 
54,8,38488, 
54,9,38489, 
20,8,25528, 
44,8,32158, 
22,9,39659, 
44,2,32152, 
59,9,42429, 
59,8,42428, 
59,9,42359, 
59,8,42358, 
59,2,42352, 
59,2,42422, 
59,8,43118, 
59,8,42718, 
52,2,43972, 
59,2,43112, 
52,8,43978, 
18,3,39843, 
18,7,39847, 
20,2,25232, 
53,8,38828, 
53,9,38829, 
20,8,25238, 
50,13,281713, 
53,2,38822, 
4,2,36722, 
18,13,399113, 
4,8,36728, 
59,9,42739, 
59,8,42738, 
59,9,42229, 
59,8,42228, 
50,3,43603, 
59,2,42222, 
59,2,42732, 
50,9,43609, 
18,13,400113, 
59,8,42148, 
18,3,39993, 
18,7,39997, 
3,2,23732, 
22,2,44762, 
22,3,44763, 
22,8,44768, 
22,9,44769, 
28,2,36382, 
38,9,33179, 
38,8,33178, 
59,8,41998, 
28,8,36438, 
59,2,42642, 
38,2,33172, 
28,8,36388, 
59,9,42649, 
4,2,36922, 
59,2,41992, 
28,2,36432, 
59,2,41512, 
59,2,41042, 
59,9,41479, 
62,8,44018, 
59,9,42349, 
59,8,41518, 
18,2,40062, 
38,9,33039, 
62,2,44012, 
61,2,44542, 
59,9,41049, 
51,8,29088, 
53,9,38729, 
53,8,38728, 
51,2,29082, 
22,9,39239, 
53,2,38722, 
61,2,44492, 
22,8,39668, 
60,9,44239, 
43,13,264213, 
52,8,29248, 
22,3,39663, 
22,2,39662, 
52,2,29242, 
60,2,44162, 
45,2,33772, 
59,2,41422, 
45,8,33778, 
60,8,44168, 
60,9,44169, 
59,8,41428, 
18,2,40112, 
57,9,41959, 
50,13,282813, 
22,2,39522, 
22,3,39523, 
59,8,41608, 
59,9,41609, 
50,9,28449, 
22,8,39528, 
56,2,33912, 
50,3,28443, 
56,7,33917, 
50,13,284413, 
59,2,41122, 
61,8,44388, 
43,7,41797, 
59,8,43048, 
61,2,44382, 
57,9,34019, 
57,8,34018, 
22,13,395613, 
20,8,30028, 
59,8,40488, 
56,7,33887, 
57,2,34012, 
20,2,30022, 
59,2,40482, 
9,13,262713, 
38,2,33822, 
38,9,33829, 
38,8,33828, 
36,2,38102, 
36,8,38108, 
50,9,28599, 
51,2,29062, 
33,2,40242, 
50,3,28593, 
51,8,29068, 
33,8,40248, 
3,2,23752, 
2,2,23202, 
51,8,28918, 
57,2,34122, 
2,8,23208, 
3,8,23758, 
57,9,34129, 
57,8,34128, 
51,2,28912, 
3,2,23592, 
22,2,39182, 
22,3,39183, 
3,8,23598, 
50,13,283713, 
22,8,39188, 
22,9,39189, 
28,2,35832, 
50,3,28623, 
28,8,35838, 
50,9,28629, 
54,2,38212, 
54,9,38199, 
2,2,23112, 
54,9,38219, 
54,8,38218, 
2,8,23118, 
54,9,38339, 
50,13,286013, 
44,2,22572, 
8,8,32548, 
44,8,22578, 
59,2,40832, 
8,2,32542, 
18,11,398411, 
43,2,26402, 
2,8,23378, 
43,7,26407, 
59,8,43348, 
50,13,287013, 
59,2,43342, 
2,2,23372, 
22,2,39072, 
22,3,39073, 
3,8,23688, 
22,8,39078, 
22,9,39079, 
3,2,23682, 
59,8,40838, 
8,2,32432, 
22,2,39272, 
22,3,39273, 
59,9,40839, 
8,8,32438, 
22,8,39278, 
22,9,39279, 
8,8,32768, 
53,2,38922, 
53,9,38929, 
45,2,32092, 
8,2,32762, 
59,2,42502, 
54,8,38428, 
20,8,25688, 
20,2,25682, 
59,8,42508, 
59,9,42509, 
50,9,28589, 
45,8,23978, 
45,2,23972, 
53,8,41918, 
9,7,26317, 
9,2,26312, 
59,9,43299, 
59,8,43298, 
54,9,43749, 
54,8,43748, 
59,9,43209, 
8,8,32388, 
54,2,43742, 
59,2,43292, 
8,2,32382, 
18,7,40017, 
20,2,25532, 
20,8,25538, 
18,11,400111, 
62,8,44048, 
22,13,392513, 
59,8,42348, 
59,8,43088, 
59,2,43122, 
59,8,42438, 
59,9,42439, 
59,2,42342, 
59,2,42432, 
59,9,43129, 
59,8,43128, 
51,2,43902, 
51,8,43908, 
18,7,39857, 
22,13,390913, 
50,13,283813, 
53,9,38859, 
53,8,38858, 
54,9,38589, 
54,8,38588, 
20,8,25228, 
59,9,41469, 
54,2,38582, 
53,2,38852, 
50,13,282413, 
20,2,25222, 
4,2,36732, 
20,8,41858, 
59,2,42232, 
4,8,36738, 
59,8,42238, 
59,9,42239, 
20,2,41852, 
8,2,43632, 
59,8,42728, 
59,9,42729, 
55,13,386213, 
59,2,42722, 
8,8,43638, 
22,13,396913, 
54,8,43718, 
59,9,40909, 
62,8,44088, 
22,13,396213, 
22,13,391513, 
61,2,44712, 
38,2,33162, 
54,2,38452, 
61,9,44719, 
61,8,44718, 
18,7,39987, 
38,8,33168, 
54,8,38458, 
18,2,39982, 
22,9,39229, 
4,8,36938, 
59,2,42652, 
28,8,36428, 
61,9,44459, 
4,2,36932, 
28,2,36422, 
8,8,32688, 
28,2,36392, 
59,9,42659, 
61,9,44539, 
61,8,44538, 
62,9,44029, 
62,8,44028, 
59,9,42079, 
38,8,33198, 
62,2,44022, 
61,2,44532, 
53,8,38738, 
53,9,38739, 
53,2,38732, 
4,8,36948, 
22,3,39113, 
22,8,39678, 
52,8,29278, 
22,2,39672, 
22,3,39673, 
55,9,32929, 
46,8,36648, 
60,2,41452, 
61,9,44629, 
61,8,44628, 
60,9,44159, 
60,8,44158, 
46,2,36642, 
60,8,41458, 
18,2,40102, 
60,2,44152, 
61,2,44622, 
46,8,36498, 
59,9,42279, 
61,2,44442, 
61,9,44449, 
61,8,44448, 
59,9,41679, 
53,2,39052, 
52,2,29182, 
56,2,33902, 
52,8,29188, 
50,3,28453, 
56,7,33907, 
52,2,29472, 
52,8,29478, 
52,8,29138, 
59,8,40818, 
59,9,40819, 
18,2,40072, 
59,2,40812, 
57,8,34008, 
57,9,34009, 
59,8,40498, 
59,9,40499, 
57,2,34002, 
59,2,40492, 
50,13,281513, 
9,13,263113, 
54,9,38529, 
38,2,33832, 
59,9,40659, 
59,2,41702, 
59,9,41709, 
59,8,41708, 
59,2,40652, 
38,9,33839, 
53,2,38112, 
22,13,394213, 
53,8,38118, 
53,9,38119, 
33,2,40252, 
59,8,41448, 
33,8,40258, 
50,3,28583, 
18,11,399311, 
18,13,399313, 
57,2,34132, 
50,13,284113, 
51,8,28908, 
3,8,23768, 
51,2,28902, 
3,2,23762, 
57,8,34138, 
57,9,34139, 
50,13,436013, 
3,8,23568, 
61,9,44429, 
3,2,23562, 
50,3,28633, 
50,9,28639, 
59,9,43089, 
2,2,23162, 
54,8,38208, 
54,9,38209, 
2,8,23168, 
54,2,38202, 
44,2,22562, 
50,3,28393, 
20,8,25378, 
54,9,38459, 
44,8,22568, 
38,9,33169, 
43,2,26412, 
2,8,23308, 
36,8,28838, 
43,7,26417, 
36,2,28832, 
59,2,43352, 
2,2,23302, 
57,9,34119, 
59,9,42159, 
22,9,39089, 
22,8,39088, 
59,8,42568, 
22,3,39083, 
22,2,39082, 
22,3,39243, 
22,2,39242, 
28,8,36398, 
8,8,32428, 
22,8,39248, 
50,9,28399, 
50,9,28459, 
53,2,38932, 
22,13,392213, 
20,2,25322, 
20,8,25328, 
53,8,38938, 
53,9,38939, 
45,2,23942, 
59,9,42539, 
2,2,23412, 
2,8,23418, 
45,8,23948, 
59,9,41229, 
54,2,43752, 
3,2,23782, 
9,7,26307, 
9,2,26302, 
3,8,23788, 
59,8,43288, 
3,8,23548, 
59,8,42658, 
59,2,43282, 
8,2,32172, 
8,8,32178, 
22,13,396513, 
59,9,43409, 
8,2,32372, 
9,13,417813, 
8,8,32378, 
59,2,43132, 
59,8,42408, 
59,8,43138, 
59,2,42402, 
51,2,43912, 
51,8,43918, 
59,9,41409, 
54,8,43768, 
59,2,42392, 
54,2,38592, 
18,7,39867, 
59,9,42399, 
59,8,42398, 
18,3,39863, 
50,3,28243, 
20,8,25258, 
53,8,38848, 
53,9,38849, 
28,8,36098, 
53,2,38842, 
54,9,38389, 
20,2,25252, 
28,2,36092, 
59,2,42242, 
59,2,42712, 
20,8,41848, 
4,8,36708, 
59,9,42249, 
59,8,42248, 
38,9,33219, 
20,2,41842, 
4,2,36702, 
59,9,42719, 
28,2,36252, 
50,9,28249, 
59,2,42082, 
8,8,32638, 
59,9,42089, 
50,3,43623, 
59,2,41282, 
4,2,36892, 
59,8,41288, 
59,9,41289, 
4,8,36898, 
61,2,44702, 
38,2,33112, 
54,2,38442, 
38,9,33119, 
38,8,33118, 
61,8,44708, 
61,9,44709, 
54,8,38268, 
54,8,38448, 
54,9,38449, 
59,2,42662, 
28,8,36418, 
59,9,42889, 
59,8,42888, 
28,2,36412, 
59,9,42669, 
59,8,42668, 
59,2,42882, 
61,8,44528, 
61,9,44529, 
59,8,41068, 
59,9,41069, 
61,2,44522, 
2,8,23148, 
59,2,41062, 
57,8,34028, 
22,9,39679, 
22,3,39643, 
22,2,39642, 
52,2,29262, 
59,2,42862, 
52,8,29268, 
59,8,42868, 
22,9,39649, 
22,8,39648, 
28,8,36358, 
18,7,39887, 
4,2,36672, 
18,3,39883, 
50,3,28323, 
59,2,41442, 
60,9,44149, 
61,8,44638, 
52,2,29272, 
56,7,33757, 
60,2,44142, 
59,9,41449, 
61,2,44632, 
56,2,33752, 
61,2,44452, 
59,8,40718, 
43,13,264013, 
61,8,44458, 
59,2,40712, 
52,2,29192, 
22,9,39509, 
59,8,41668, 
59,9,41669, 
59,2,41662, 
22,2,39502, 
22,3,39503, 
59,8,42698, 
52,2,29462, 
43,13,263613, 
56,13,339113, 
59,9,42699, 
53,2,38692, 
59,9,41599, 
18,3,27413, 
18,7,27417, 
53,8,38698, 
50,13,435913, 
18,7,40007, 
62,8,44038, 
62,9,44039, 
18,11,273411, 
18,13,273413, 
59,9,42129, 
36,2,30822, 
50,13,284613, 
36,8,30828, 
60,9,41459, 
59,2,41712, 
28,8,36468, 
22,2,39472, 
22,3,39473, 
22,8,39478, 
22,9,39479, 
59,8,41718, 
59,9,41719, 
50,13,287813, 
3,8,23778, 
57,2,34102, 
51,8,28938, 
56,13,337513, 
59,9,43239, 
51,2,28932, 
3,2,23772, 
57,8,34108, 
3,8,23578, 
59,2,40532, 
3,2,23572, 
59,8,40538, 
50,3,28483, 
54,8,38278, 
59,8,42048, 
50,9,28339, 
57,2,34032, 
2,8,23178, 
54,2,38272, 
50,3,28333, 
57,8,34038, 
8,8,32568, 
53,2,35342, 
22,13,394713, 
50,13,282513, 
8,2,32562, 
53,8,35348, 
53,9,35349, 
2,8,23318, 
20,8,25588, 
43,7,26427, 
43,2,26422, 
22,8,39098, 
59,8,41678, 
22,2,39092, 
22,3,39093, 
50,9,28159, 
22,8,39258, 
22,9,39259, 
54,2,38302, 
50,3,28153, 
54,9,38309, 
8,2,32412, 
22,2,39252, 
22,3,39253, 
20,2,25332, 
53,9,38909, 
53,8,38908, 
20,8,25338, 
53,2,38902, 
50,13,281413, 
59,8,42528, 
59,9,42529, 
45,2,23952, 
2,2,23402, 
45,8,23958, 
59,2,42522, 
50,9,28669, 
2,8,23408, 
50,3,28663, 
54,2,43722, 
3,2,23792, 
54,9,43729, 
9,2,26332, 
9,7,26337, 
3,8,23798, 
28,8,35878, 
8,8,32188, 
8,2,32182, 
59,9,42789, 
8,2,32342, 
59,2,42412, 
59,2,42912, 
59,8,42418, 
22,3,39223, 
59,8,42648, 
36,13,353013, 
59,2,43382, 
59,9,43439, 
22,8,39388, 
51,8,43928, 
59,9,43389, 
18,7,27337, 
51,2,43922, 
59,2,43432, 
59,9,42109, 
59,8,42388, 
53,2,38872, 
18,2,39872, 
59,2,42382, 
18,7,39877, 
28,8,36088, 
20,8,25248, 
20,2,25242, 
28,2,36082, 
59,2,42252, 
18,11,169611, 
59,2,42702, 
53,8,41878, 
28,8,36248, 
59,8,42708, 
53,2,41872, 
4,2,36712, 
59,9,42259, 
28,2,36242, 
18,13,169613, 
8,8,43658, 
59,2,42092, 
50,13,282913, 
59,8,42098, 
59,9,42099, 
8,2,43652, 
4,2,36882, 
59,9,40779, 
4,8,36888, 
50,13,285013, 
57,9,33999, 
61,9,44439, 
59,9,40959, 
28,8,36328, 
38,2,33102, 
54,2,38472, 
22,13,392713, 
59,8,42188, 
28,2,36402, 
53,8,35578, 
59,9,41649, 
38,8,33108, 
54,8,38478, 
28,8,36408, 
61,2,44732, 
59,9,41689, 
59,8,42898, 
59,9,42899, 
59,8,42678, 
59,9,42679, 
59,2,42892, 
59,2,42672, 
60,2,44282, 
4,8,36758, 
60,9,44289, 
60,8,44288, 
59,9,41389, 
59,8,41388, 
22,2,39652, 
52,2,29212, 
59,2,42872, 
22,8,39658, 
52,8,29218, 
59,2,41382, 
59,8,42878, 
59,9,42879, 
18,7,39897, 
4,2,36662, 
2,8,23438, 
56,13,336813, 
4,8,36668, 
52,8,28868, 
61,9,44609, 
61,8,44608, 
28,2,36062, 
38,8,33038, 
59,8,41478, 
50,13,285713, 
61,2,44602, 
56,2,33742, 
38,2,33032, 
59,2,41472, 
28,8,36068, 
56,7,33747, 
61,2,44462, 
56,2,33922, 
59,2,41652, 
56,7,33927, 
61,9,44469, 
61,8,44468, 
59,9,41129, 
59,8,41128, 
59,9,41659, 
59,8,41658, 
60,2,44192, 
43,13,263813, 
59,2,41492, 
60,9,44199, 
60,8,44198, 
59,9,41499, 
59,8,41498, 
53,2,38682, 
52,8,29328, 
52,8,29458, 
53,8,38688, 
53,9,38689, 
52,2,29452, 
52,2,29322, 
18,3,40013, 
62,2,44042, 
61,2,44512, 
62,9,44049, 
59,8,40658, 
61,9,44519, 
61,8,44518, 
59,2,41722, 
59,8,40638, 
59,9,40639, 
28,8,35998, 
59,2,40632, 
59,9,41729, 
59,8,41728, 
28,2,35992, 
59,9,43349, 
38,8,33838, 
57,8,34118, 
22,3,39133, 
54,9,38299, 
57,2,34112, 
2,8,23098, 
22,3,39583, 
3,2,23542, 
2,2,23092, 
50,13,284913, 
59,9,42829, 
53,9,41889, 
22,9,39319, 
22,8,39318, 
22,9,39139, 
22,3,39313, 
22,2,39312, 
57,9,34099, 
57,2,34022, 
54,9,38269, 
50,9,28499, 
52,2,29142, 
54,2,38262, 
57,9,34029, 
2,2,23142, 
50,3,28493, 
20,2,25152, 
20,2,28812, 
3,2,23892, 
2,2,23322, 
20,8,28818, 
3,8,23898, 
2,8,23328, 
43,2,26432, 
43,7,26437, 
52,8,32978, 
52,2,32972, 
8,8,32408, 
22,8,39228, 
50,9,28149, 
54,2,38312, 
51,2,28922, 
28,2,35972, 
50,3,28143, 
8,2,32402, 
22,2,39222, 
51,8,28928, 
28,8,35978, 
54,8,38318, 
54,9,38319, 
53,8,38918, 
53,9,38919, 
22,8,43498, 
20,8,25658, 
20,8,25308, 
53,2,38912, 
20,2,25302, 
20,2,25652, 
53,9,35579, 
2,2,23432, 
9,7,26327, 
9,2,26322, 
33,9,40259, 
53,2,35572, 
50,13,287113, 
54,2,43732, 
59,8,42808, 
59,8,42138, 
54,8,43738, 
54,9,43739, 
52,8,29148, 
8,2,32572, 
22,2,39132, 
8,8,32578, 
22,8,39138, 
8,8,32198, 
8,2,32192, 
22,13,391613, 
59,2,42462, 
50,13,401713, 
59,9,42469, 
59,8,42468, 
56,13,337013, 
28,8,36038, 
51,8,43938, 
8,2,32752, 
59,8,43398, 
59,9,43399, 
59,8,43428, 
20,8,25498, 
8,8,32758, 
51,2,43932, 
59,2,43422, 
20,2,25492, 
59,2,43392, 
53,2,38862, 
57,9,34089, 
20,2,25272, 
53,8,38868, 
53,9,38869, 
38,9,33149, 
20,8,25278, 
22,13,392413, 
50,13,287613, 
36,2,41862, 
20,2,25472, 
36,8,41868, 
20,8,25478, 
28,8,36278, 
59,9,42269, 
59,8,42268, 
28,2,36272, 
59,2,42262, 
8,8,43648, 
59,9,42069, 
59,8,42068, 
8,2,43642, 
54,9,38279, 
59,2,42062, 
4,8,36878, 
59,8,41268, 
59,2,42282, 
59,2,41262, 
59,8,42288, 
22,13,390813, 
4,2,36872, 
28,2,36182, 
36,8,20778, 
28,8,36188, 
22,13,434713, 
53,9,41899, 
36,2,20772, 
61,8,44728, 
61,9,44729, 
28,2,36472, 
54,8,38468, 
54,9,38469, 
38,9,33139, 
38,8,33138, 
28,8,36478, 
61,2,44722, 
38,2,33132, 
54,2,38462, 
59,9,42609, 
59,8,42608, 
50,13,284013, 
59,2,42602, 
51,2,43782, 
60,2,44292, 
59,9,41009, 
59,2,41002, 
60,9,44299, 
59,9,43429, 
52,2,29202, 
59,2,42842, 
52,8,29208, 
59,8,41508, 
18,3,27343, 
4,8,36698, 
61,2,44612, 
61,8,44618, 
61,9,44619, 
4,2,36692, 
59,8,41468, 
28,2,36052, 
18,7,27347, 
59,2,42112, 
59,2,41462, 
28,8,36058, 
59,9,42119, 
59,8,42118, 
46,2,36502, 
59,2,41642, 
59,8,40738, 
61,8,44478, 
61,9,44479, 
59,8,41648, 
59,2,40732, 
61,2,44472, 
52,2,33792, 
59,2,41482, 
60,9,44189, 
52,8,33798, 
60,2,44182, 
59,9,41489, 
52,8,29448, 
50,9,28739, 
53,9,38719, 
53,9,38679, 
53,8,38678, 
52,8,29338, 
52,2,29442, 
52,2,29332, 
50,9,28229, 
53,2,38672, 
62,2,44052, 
61,2,44502, 
61,8,44508, 
61,9,44509, 
62,8,44058, 
62,9,44059, 
18,2,40022, 
28,8,35988, 
50,3,28223, 
59,8,41738, 
59,9,41739, 
50,9,28799, 
28,2,35982, 
56,2,33862, 
50,3,28793, 
50,3,28733, 
59,2,41732, 
50,9,28559, 
18,13,398213, 
18,11,398211, 
50,3,28553, 
56,13,338713, 
53,9,38789, 
53,8,38788, 
33,9,40289, 
33,8,40288, 
50,3,29843, 
33,2,40282, 
53,2,38782, 
50,9,29849, 
57,9,34169, 
57,8,34168, 
3,2,23552, 
57,2,34162, 
3,8,23558, 
59,2,40512, 
2,8,23088, 
2,2,23082, 
59,9,40519, 
59,8,40518, 
54,2,38252, 
54,9,38259, 
54,8,38258, 
2,8,23158, 
50,9,28319, 
60,2,44172, 
52,2,29152, 
9,13,263413, 
50,3,28313, 
2,2,23152, 
52,8,29158, 
3,2,23882, 
56,13,336713, 
2,2,23332, 
2,8,23338, 
3,8,23888, 
22,13,447613, 
60,8,44178, 
22,13,435113, 
59,8,43358, 
50,3,28173, 
59,9,43359, 
50,9,28179, 
54,2,38322, 
22,8,39238, 
51,2,28952, 
28,2,35962, 
50,3,28773, 
22,2,39232, 
22,3,39233, 
54,9,38329, 
54,8,38328, 
50,9,28779, 
28,8,35968, 
20,8,25318, 
50,9,43619, 
8,8,32218, 
20,8,25648, 
20,2,25312, 
20,2,25642, 
8,2,32212, 
50,13,287413, 
53,8,35568, 
43,2,26352, 
2,8,23428, 
44,2,22682, 
43,7,26357, 
59,8,43098, 
53,2,35562, 
59,2,43092, 
2,2,23422, 
44,8,22688, 
8,2,32692, 
59,9,43259, 
59,8,43258, 
54,9,43709, 
28,2,36072, 
8,8,32698, 
50,13,281913, 
54,2,43702, 
59,2,43252, 
8,2,32502, 
22,2,39122, 
22,3,39123, 
9,13,263013, 
8,8,32508, 
22,8,39128, 
22,9,39129, 
51,2,43892, 
51,8,43898, 
59,2,42472, 
59,8,42758, 
18,11,398811, 
50,13,282313, 
18,13,398813, 
59,8,42478, 
59,9,42479, 
44,2,22592, 
59,2,41612, 
44,8,22598, 
59,8,41758, 
59,9,43019, 
20,8,25488, 
59,9,43419, 
59,8,43418, 
57,8,34098, 
59,2,43412, 
20,2,25482, 
20,2,25262, 
53,9,38899, 
53,8,38898, 
50,9,43539, 
20,8,25268, 
50,13,282013, 
22,13,396413, 
53,2,38892, 
20,2,41812, 
20,2,25462, 
28,2,36262, 
62,9,44129, 
20,8,41818, 
28,8,36268, 
20,8,25468, 
22,13,391813, 
59,8,42278, 
8,2,32422, 
50,9,28479, 
8,2,43672, 
9,13,262613, 
59,2,42272, 
59,9,41269, 
22,8,39168, 
8,8,43678, 
22,9,39169, 
59,8,42078, 
59,2,43072, 
59,2,42072, 
59,8,43078, 
59,2,42292, 
4,8,36868, 
59,9,42289, 
4,2,36862, 
50,9,28579, 
59,8,42298, 
59,9,42299, 
28,2,36192, 
53,8,35328, 
36,8,20768, 
8,2,32812, 
28,8,36198, 
28,8,36078, 
36,2,20762, 
22,9,39249, 
28,2,36462, 
54,8,38418, 
53,9,41929, 
53,8,41928, 
50,13,286413, 
59,9,41309, 
38,2,33122, 
54,2,38412, 
53,2,41922, 
51,8,29008, 
59,8,42618, 
59,9,42619, 
59,2,42612, 
60,9,44269, 
60,8,44268, 
60,2,44262, 
59,8,42858, 
59,9,42859, 
52,8,29238, 
52,2,29232, 
59,2,42852, 
61,2,44662, 
38,2,33012, 
54,2,38522, 
61,9,44669, 
61,8,44668, 
4,2,36682, 
54,8,38528, 
59,2,42102, 
46,8,36518, 
59,9,43149, 
46,2,36512, 
28,2,36042, 
59,9,40879, 
61,9,44409, 
59,2,41102, 
59,9,41109, 
61,2,44402, 
50,13,285513, 
59,9,40759, 
18,13,399513, 
18,11,399511, 
18,7,27427, 
52,8,29308, 
56,13,338913, 
53,8,38668, 
53,9,38669, 
52,2,29302, 
53,2,38662, 
52,2,37482, 
62,9,44069, 
62,8,44068, 
18,2,40032, 
52,8,37488, 
18,3,16963, 
59,2,40612, 
33,2,40342, 
60,2,44312, 
59,8,40618, 
59,9,40619, 
59,8,42538, 
60,9,44319, 
60,8,44318, 
33,8,40348, 
33,9,40349, 
59,9,41749, 
59,8,41748, 
62,8,44008, 
22,9,39429, 
62,2,44082, 
56,2,33872, 
59,2,41742, 
22,3,39423, 
22,2,39422, 
4,8,36808, 
43,13,263713, 
33,2,40292, 
50,9,28549, 
33,8,40298, 
50,3,28543, 
59,2,42532, 
53,8,38798, 
53,9,38799, 
50,13,435813, 
59,9,40479, 
53,2,38792, 
57,8,34178, 
3,2,23522, 
57,2,34172, 
3,8,23528, 
38,9,33109, 
28,2,35882, 
59,8,40508, 
59,9,40509, 
28,8,35888, 
50,13,283213, 
59,8,42948, 
59,2,40502, 
59,9,40579, 
54,2,38242, 
59,9,42949, 
50,13,287913, 
50,3,28303, 
54,8,38248, 
54,9,38249, 
50,9,28309, 
52,2,29162, 
52,8,29168, 
61,9,44659, 
36,8,35318, 
54,8,43758, 
36,2,35312, 
59,8,41008, 
54,9,43759, 
2,2,23182, 
3,8,23638, 
59,9,42389, 
38,8,33098, 
2,8,23188, 
3,2,23632, 
50,3,28163, 
22,3,39203, 
22,2,39202, 
50,9,28169, 
22,9,39209, 
22,8,39208, 
51,2,28942, 
28,2,35952, 
59,9,43289, 
54,8,38338, 
50,3,28763, 
56,7,33727, 
51,8,28948, 
28,8,35958, 
54,2,38332, 
50,9,28769, 
20,8,25678, 
59,9,43369, 
20,2,25672, 
9,2,26342, 
2,8,23458, 
44,2,22692, 
45,8,23988, 
9,7,26347, 
44,8,22698, 
45,2,23982, 
59,2,43082, 
2,2,23452, 
8,2,32682, 
54,9,43719, 
59,8,43248, 
59,9,43249, 
54,2,43712, 
59,2,43242, 
59,9,43079, 
8,2,32512, 
22,2,39112, 
8,8,32518, 
22,8,39118, 
51,2,43882, 
51,8,43888, 
8,8,32338, 
59,9,42449, 
59,8,42448, 
8,2,32332, 
50,13,286313, 
59,2,42442, 
50,13,286613, 
59,8,42848, 
44,8,22588, 
59,2,43402, 
3,2,23852, 
59,8,43408, 
3,8,23858, 
44,2,22582, 
59,9,41429, 
20,8,25298, 
53,8,38888, 
53,9,38889, 
53,2,38882, 
20,2,25292, 
20,2,41802, 
20,2,25452, 
28,2,36212, 
28,8,36218, 
20,8,41808, 
20,8,25458, 
8,2,43662, 
59,2,43212, 
50,13,436113, 
8,8,43668, 
61,8,44598, 
59,9,42599, 
59,8,42598, 
59,9,42049, 
20,2,25582, 
59,2,43062, 
59,2,42042, 
59,2,42592, 
59,8,43068, 
59,9,43069, 
50,13,283913, 
4,8,36858, 
59,9,42919, 
59,8,42918, 
4,2,36852, 
61,2,44592, 
18,7,39937, 
22,13,391013, 
18,3,39933, 
2,2,23212, 
54,8,38408, 
54,9,38409, 
59,2,42622, 
57,8,41938, 
28,8,36458, 
54,2,38402, 
57,2,41932, 
28,2,36452, 
59,9,42629, 
28,2,36322, 
46,8,36508, 
60,9,44209, 
60,8,44278, 
60,9,44279, 
60,2,44272, 
59,9,42409, 
52,8,29228, 
59,8,42828, 
22,9,39689, 
22,8,39688, 
22,3,39683, 
22,2,39682, 
52,2,29222, 
59,2,42822, 
61,2,44672, 
50,13,285213, 
38,2,33062, 
54,2,38532, 
22,13,392613, 
38,9,33069, 
38,8,33068, 
61,8,44678, 
61,9,44679, 
54,8,38538, 
54,9,38539, 
59,2,42132, 
22,13,395413, 
46,8,36528, 
59,2,41242, 
59,9,43139, 
46,2,36522, 
59,9,42139, 
28,2,36032, 
59,8,41248, 
59,9,41249, 
38,9,33209, 
38,8,33208, 
61,8,44418, 
61,9,44419, 
44,2,40192, 
61,2,44412, 
38,2,33202, 
59,9,40739, 
44,8,40198, 
52,2,29312, 
59,8,43218, 
52,8,29318, 
53,9,38659, 
53,8,38658, 
53,2,38652, 
62,8,44078, 
62,9,44079, 
59,2,41022, 
28,2,36142, 
59,8,41028, 
59,9,41029, 
62,2,44072, 
28,8,36148, 
54,8,38298, 
60,2,44302, 
50,13,283113, 
60,8,44308, 
60,9,44309, 
22,8,39438, 
22,9,39439, 
56,7,33687, 
59,9,41759, 
62,2,44092, 
56,2,33682, 
59,2,41752, 
22,2,39432, 
22,3,39433, 
62,8,44098, 
62,9,44099, 
51,2,29002, 
50,9,28529, 
50,3,28573, 
43,13,417913, 
52,2,29822, 
20,2,29792, 
59,2,40752, 
20,8,29798, 
59,8,40758, 
52,8,29828, 
3,2,23532, 
3,8,23538, 
50,13,287213, 
28,2,35892, 
59,8,40578, 
50,3,28683, 
22,2,39322, 
22,3,39323, 
50,9,28689, 
28,8,35898, 
59,2,40572, 
22,8,39328, 
22,9,39329, 
54,9,38349, 
50,3,28373, 
50,3,28523, 
50,9,28379, 
22,13,390713, 
52,8,29178, 
59,8,41488, 
50,9,28209, 
52,2,29172, 
18,13,399013, 
36,8,35308, 
9,13,263213, 
36,2,35302, 
54,8,38598, 
18,11,399011, 
54,9,38599, 
50,13,284813, 
2,8,23198, 
3,8,23628, 
59,2,40402, 
3,2,23622, 
59,8,40408, 
2,2,23192, 
22,2,39212, 
22,3,39213, 
50,9,28199, 
22,13,396113, 
22,8,39218, 
22,9,39219, 
50,3,28193, 
50,3,28753, 
54,8,38348, 
28,8,35948, 
57,2,34142, 
51,8,28978, 
50,9,28759, 
54,2,38342, 
51,2,28972, 
50,3,28203, 
57,8,34148, 
